[?1034hFinished parsing run list: 283270
283270/0 - 283271/0
lumiInspector.loadLumiData(283270) called
Loading Lumi data
Data source lookup using /cvmfs/atlas.cern.ch/repo/sw/software/x86_64-slc6-gcc48-opt/20.1.8/AtlasCore/20.1.8/InstallArea/XML/AtlasAuthentication/dblookup.xml file
CoolDataReader.readData() - exception reading folder: /TRIGGER/OFLLUMI/LBLESTOFL
(file "", line 0) Tag 'OflLumi-8TeV-002' not found in node #3 (C++ exception)
CoolDataReader.readData() - will try to reconnect (once)
LumiDBHandler.getFolder( COOLOFL_TRIGGER/CONDBR2 , /TRIGGER/OFLLUMI/LBLESTOFL ) called
LumiDBHandler.openDB( COOLOFL_TRIGGER/CONDBR2 ) called
LumiDBHandler.openDB - Connection already exists, closing first due to force=True
LumiDBHandler.closeDB - Closing connection to COOLOFL_TRIGGER/CONDBR2
LumiDBHandler.openDB - Connecting to COOLOFL_TRIGGER/CONDBR2
CoolDataReader.readData() - trying to re-read re-opened folder!
CoolDataReader.readData() - exception reading folder: /TRIGGER/OFLLUMI/LBLESTOFL
(file "", line 0) Tag 'OflLumi-8TeV-002' not found in node #3 (C++ exception)
Read 0 Lumi records
Loading channels: [0]
MuHistMaker.loadBCIDData(283270) called
Loading LBLB data
Read 90 LBLB records
First LB 283270/1
Last  LB 283270/90
Loading LHC information
Read 1237 LHC records
Loading Bunch group data
Read 1 bunch group records
Loading BCID masks
Read 2 BCID Mask records
Loading BCID luminosity calibrations
Read 1 Calibration records
Loading BCID luminosity values
Read 0 Raw Lumi records
Loading Bunch Current information
Read 0 Current records
Finding stable beam periods
Stable beam periods found: [(1445851594000000000L, 1445855480000000000L)]

---------------------------------------------------------------------------------------------
Found Run/LB 283270/1 (15/10/26, 09:21:41 - 15/10/26, 09:22:41) Length 60.1 sec
unpackRun2BCIDMask found:
 Beam1: [20, 56, 57, 58, 59, 60, 61, 62, 63, 64, 65, 66, 67, 106, 107, 108, 109, 110, 111, 112, 113, 114, 115, 116, 117, 157, 158, 159, 160, 161, 162, 163, 164, 165, 166, 167, 168, 169, 170, 171, 172, 173, 174, 175, 176, 177, 178, 179, 180, 181, 182, 183, 184, 185, 186, 187, 188, 189, 190, 191, 192, 193, 194, 195, 196, 197, 198, 199, 200, 201, 202, 203, 204, 205, 206, 207, 208, 209, 210, 211, 212, 213, 214, 215, 216, 217, 218, 219, 220, 221, 222, 223, 224, 225, 226, 227, 228, 268, 269, 270, 271, 272, 273, 274, 275, 276, 277, 278, 279, 280, 281, 282, 283, 284, 285, 286, 287, 288, 289, 290, 291, 292, 293, 294, 295, 296, 297, 298, 299, 300, 301, 302, 303, 304, 305, 306, 307, 308, 309, 310, 311, 312, 313, 314, 315, 316, 317, 318, 319, 320, 321, 322, 323, 324, 325, 326, 327, 328, 329, 330, 331, 332, 333, 334, 335, 336, 337, 338, 339, 379, 380, 381, 382, 383, 384, 385, 386, 387, 388, 389, 390, 391, 392, 393, 394, 395, 396, 397, 398, 399, 400, 401, 402, 403, 404, 405, 406, 407, 408, 409, 410, 411, 412, 413, 414, 415, 416, 417, 418, 419, 420, 421, 422, 423, 424, 425, 426, 427, 428, 429, 430, 431, 432, 433, 434, 435, 436, 437, 438, 439, 440, 441, 442, 443, 444, 445, 446, 447, 448, 449, 450, 490, 491, 492, 493, 494, 495, 496, 497, 498, 499, 500, 501, 502, 503, 504, 505, 506, 507, 508, 509, 510, 511, 512, 513, 514, 515, 516, 517, 518, 519, 520, 521, 522, 523, 524, 525, 526, 527, 528, 529, 530, 531, 532, 533, 534, 535, 536, 537, 538, 539, 540, 541, 542, 543, 544, 545, 546, 547, 548, 549, 550, 551, 552, 553, 554, 555, 556, 557, 558, 559, 560, 561, 601, 602, 603, 604, 605, 606, 607, 608, 609, 610, 611, 612, 613, 614, 615, 616, 617, 618, 619, 620, 621, 622, 623, 624, 625, 626, 627, 628, 629, 630, 631, 632, 633, 634, 635, 636, 637, 638, 639, 640, 641, 642, 643, 644, 645, 646, 647, 648, 649, 650, 651, 652, 653, 654, 655, 656, 657, 658, 659, 660, 661, 662, 663, 664, 665, 666, 667, 668, 669, 670, 671, 672, 712, 713, 714, 715, 716, 717, 718, 719, 720, 721, 722, 723, 724, 725, 726, 727, 728, 729, 730, 731, 732, 733, 734, 735, 736, 737, 738, 739, 740, 741, 742, 743, 744, 745, 746, 747, 748, 749, 750, 751, 752, 753, 754, 755, 756, 757, 758, 759, 760, 761, 762, 763, 764, 765, 766, 767, 768, 769, 770, 771, 772, 773, 774, 775, 776, 777, 778, 779, 780, 781, 782, 783, 823, 824, 825, 826, 827, 828, 829, 830, 831, 832, 833, 834, 835, 836, 837, 838, 839, 840, 841, 842, 843, 844, 845, 846, 847, 848, 849, 850, 851, 852, 853, 854, 855, 856, 857, 858, 859, 860, 861, 862, 863, 864, 865, 866, 867, 868, 869, 870, 871, 872, 873, 874, 875, 876, 877, 878, 879, 880, 881, 882, 883, 884, 885, 886, 887, 888, 889, 890, 891, 892, 893, 894, 934, 935, 936, 937, 938, 939, 940, 941, 942, 943, 944, 945, 946, 947, 948, 949, 950, 951, 952, 953, 954, 955, 956, 957, 958, 959, 960, 961, 962, 963, 964, 965, 966, 967, 968, 969, 970, 971, 972, 973, 974, 975, 976, 977, 978, 979, 980, 981, 982, 983, 984, 985, 986, 987, 988, 989, 990, 991, 992, 993, 994, 995, 996, 997, 998, 999, 1000, 1001, 1002, 1003, 1004, 1005, 1051, 1052, 1053, 1054, 1055, 1056, 1057, 1058, 1059, 1060, 1061, 1062, 1063, 1064, 1065, 1066, 1067, 1068, 1069, 1070, 1071, 1072, 1073, 1074, 1075, 1076, 1077, 1078, 1079, 1080, 1081, 1082, 1083, 1084, 1085, 1086, 1087, 1088, 1089, 1090, 1091, 1092, 1093, 1094, 1095, 1096, 1097, 1098, 1099, 1100, 1101, 1102, 1103, 1104, 1105, 1106, 1107, 1108, 1109, 1110, 1111, 1112, 1113, 1114, 1115, 1116, 1117, 1118, 1119, 1120, 1121, 1122, 1162, 1163, 1164, 1165, 1166, 1167, 1168, 1169, 1170, 1171, 1172, 1173, 1174, 1175, 1176, 1177, 1178, 1179, 1180, 1181, 1182, 1183, 1184, 1185, 1186, 1187, 1188, 1189, 1190, 1191, 1192, 1193, 1194, 1195, 1196, 1197, 1198, 1199, 1200, 1201, 1202, 1203, 1204, 1205, 1206, 1207, 1208, 1209, 1210, 1211, 1212, 1213, 1214, 1215, 1216, 1217, 1218, 1219, 1220, 1221, 1222, 1223, 1224, 1225, 1226, 1227, 1228, 1229, 1230, 1231, 1232, 1233, 1273, 1274, 1275, 1276, 1277, 1278, 1279, 1280, 1281, 1282, 1283, 1284, 1285, 1286, 1287, 1288, 1289, 1290, 1291, 1292, 1293, 1294, 1295, 1296, 1297, 1298, 1299, 1300, 1301, 1302, 1303, 1304, 1305, 1306, 1307, 1308, 1309, 1310, 1311, 1312, 1313, 1314, 1315, 1316, 1317, 1318, 1319, 1320, 1321, 1322, 1323, 1324, 1325, 1326, 1327, 1328, 1329, 1330, 1331, 1332, 1333, 1334, 1335, 1336, 1337, 1338, 1339, 1340, 1341, 1342, 1343, 1344, 1384, 1385, 1386, 1387, 1388, 1389, 1390, 1391, 1392, 1393, 1394, 1395, 1396, 1397, 1398, 1399, 1400, 1401, 1402, 1403, 1404, 1405, 1406, 1407, 1408, 1409, 1410, 1411, 1412, 1413, 1414, 1415, 1416, 1417, 1418, 1419, 1420, 1421, 1422, 1423, 1424, 1425, 1426, 1427, 1428, 1429, 1430, 1431, 1432, 1433, 1434, 1435, 1436, 1437, 1438, 1439, 1440, 1441, 1442, 1443, 1444, 1445, 1446, 1447, 1448, 1449, 1450, 1451, 1452, 1453, 1454, 1455, 1495, 1496, 1497, 1498, 1499, 1500, 1501, 1502, 1503, 1504, 1505, 1506, 1507, 1508, 1509, 1510, 1511, 1512, 1513, 1514, 1515, 1516, 1517, 1518, 1519, 1520, 1521, 1522, 1523, 1524, 1525, 1526, 1527, 1528, 1529, 1530, 1531, 1532, 1533, 1534, 1535, 1536, 1537, 1538, 1539, 1540, 1541, 1542, 1543, 1544, 1545, 1546, 1547, 1548, 1549, 1550, 1551, 1552, 1553, 1554, 1555, 1556, 1557, 1558, 1559, 1560, 1561, 1562, 1563, 1564, 1565, 1566, 1606, 1607, 1608, 1609, 1610, 1611, 1612, 1613, 1614, 1615, 1616, 1617, 1618, 1619, 1620, 1621, 1622, 1623, 1624, 1625, 1626, 1627, 1628, 1629, 1630, 1631, 1632, 1633, 1634, 1635, 1636, 1637, 1638, 1639, 1640, 1641, 1642, 1643, 1644, 1645, 1646, 1647, 1648, 1649, 1650, 1651, 1652, 1653, 1654, 1655, 1656, 1657, 1658, 1659, 1660, 1661, 1662, 1663, 1664, 1665, 1666, 1667, 1668, 1669, 1670, 1671, 1672, 1673, 1674, 1675, 1676, 1677, 1717, 1718, 1719, 1720, 1721, 1722, 1723, 1724, 1725, 1726, 1727, 1728, 1729, 1730, 1731, 1732, 1733, 1734, 1735, 1736, 1737, 1738, 1739, 1740, 1741, 1742, 1743, 1744, 1745, 1746, 1747, 1748, 1749, 1750, 1751, 1752, 1753, 1754, 1755, 1756, 1757, 1758, 1759, 1760, 1761, 1762, 1763, 1764, 1765, 1766, 1767, 1768, 1769, 1770, 1771, 1772, 1773, 1774, 1775, 1776, 1777, 1778, 1779, 1780, 1781, 1782, 1783, 1784, 1785, 1786, 1787, 1788, 1828, 1829, 1830, 1831, 1832, 1833, 1834, 1835, 1836, 1837, 1838, 1839, 1840, 1841, 1842, 1843, 1844, 1845, 1846, 1847, 1848, 1849, 1850, 1851, 1852, 1853, 1854, 1855, 1856, 1857, 1858, 1859, 1860, 1861, 1862, 1863, 1864, 1865, 1866, 1867, 1868, 1869, 1870, 1871, 1872, 1873, 1874, 1875, 1876, 1877, 1878, 1879, 1880, 1881, 1882, 1883, 1884, 1885, 1886, 1887, 1888, 1889, 1890, 1891, 1892, 1893, 1894, 1895, 1896, 1897, 1898, 1899, 1945, 1946, 1947, 1948, 1949, 1950, 1951, 1952, 1953, 1954, 1955, 1956, 1957, 1958, 1959, 1960, 1961, 1962, 1963, 1964, 1965, 1966, 1967, 1968, 1969, 1970, 1971, 1972, 1973, 1974, 1975, 1976, 1977, 1978, 1979, 1980, 1981, 1982, 1983, 1984, 1985, 1986, 1987, 1988, 1989, 1990, 1991, 1992, 1993, 1994, 1995, 1996, 1997, 1998, 1999, 2000, 2001, 2002, 2003, 2004, 2005, 2006, 2007, 2008, 2009, 2010, 2011, 2012, 2013, 2014, 2015, 2016, 2056, 2057, 2058, 2059, 2060, 2061, 2062, 2063, 2064, 2065, 2066, 2067, 2068, 2069, 2070, 2071, 2072, 2073, 2074, 2075, 2076, 2077, 2078, 2079, 2080, 2081, 2082, 2083, 2084, 2085, 2086, 2087, 2088, 2089, 2090, 2091, 2092, 2093, 2094, 2095, 2096, 2097, 2098, 2099, 2100, 2101, 2102, 2103, 2104, 2105, 2106, 2107, 2108, 2109, 2110, 2111, 2112, 2113, 2114, 2115, 2116, 2117, 2118, 2119, 2120, 2121, 2122, 2123, 2124, 2125, 2126, 2127, 2167, 2168, 2169, 2170, 2171, 2172, 2173, 2174, 2175, 2176, 2177, 2178, 2179, 2180, 2181, 2182, 2183, 2184, 2185, 2186, 2187, 2188, 2189, 2190, 2191, 2192, 2193, 2194, 2195, 2196, 2197, 2198, 2199, 2200, 2201, 2202, 2203, 2204, 2205, 2206, 2207, 2208, 2209, 2210, 2211, 2212, 2213, 2214, 2215, 2216, 2217, 2218, 2219, 2220, 2221, 2222, 2223, 2224, 2225, 2226, 2227, 2228, 2229, 2230, 2231, 2232, 2233, 2234, 2235, 2236, 2237, 2238, 2278, 2279, 2280, 2281, 2282, 2283, 2284, 2285, 2286, 2287, 2288, 2289, 2290, 2291, 2292, 2293, 2294, 2295, 2296, 2297, 2298, 2299, 2300, 2301, 2302, 2303, 2304, 2305, 2306, 2307, 2308, 2309, 2310, 2311, 2312, 2313, 2314, 2315, 2316, 2317, 2318, 2319, 2320, 2321, 2322, 2323, 2324, 2325, 2326, 2327, 2328, 2329, 2330, 2331, 2332, 2333, 2334, 2335, 2336, 2337, 2338, 2339, 2340, 2341, 2342, 2343, 2344, 2345, 2346, 2347, 2348, 2349, 2389, 2390, 2391, 2392, 2393, 2394, 2395, 2396, 2397, 2398, 2399, 2400, 2401, 2402, 2403, 2404, 2405, 2406, 2407, 2408, 2409, 2410, 2411, 2412, 2413, 2414, 2415, 2416, 2417, 2418, 2419, 2420, 2421, 2422, 2423, 2424, 2425, 2426, 2427, 2428, 2429, 2430, 2431, 2432, 2433, 2434, 2435, 2436, 2437, 2438, 2439, 2440, 2441, 2442, 2443, 2444, 2445, 2446, 2447, 2448, 2449, 2450, 2451, 2452, 2453, 2454, 2455, 2456, 2457, 2458, 2459, 2460, 2500, 2501, 2502, 2503, 2504, 2505, 2506, 2507, 2508, 2509, 2510, 2511, 2512, 2513, 2514, 2515, 2516, 2517, 2518, 2519, 2520, 2521, 2522, 2523, 2524, 2525, 2526, 2527, 2528, 2529, 2530, 2531, 2532, 2533, 2534, 2535, 2536, 2537, 2538, 2539, 2540, 2541, 2542, 2543, 2544, 2545, 2546, 2547, 2548, 2549, 2550, 2551, 2552, 2553, 2554, 2555, 2556, 2557, 2558, 2559, 2560, 2561, 2562, 2563, 2564, 2565, 2566, 2567, 2568, 2569, 2570, 2571, 2611, 2612, 2613, 2614, 2615, 2616, 2617, 2618, 2619, 2620, 2621, 2622, 2623, 2624, 2625, 2626, 2627, 2628, 2629, 2630, 2631, 2632, 2633, 2634, 2635, 2636, 2637, 2638, 2639, 2640, 2641, 2642, 2643, 2644, 2645, 2646, 2647, 2648, 2649, 2650, 2651, 2652, 2653, 2654, 2655, 2656, 2657, 2658, 2659, 2660, 2661, 2662, 2663, 2664, 2665, 2666, 2667, 2668, 2669, 2670, 2671, 2672, 2673, 2674, 2675, 2676, 2677, 2678, 2679, 2680, 2681, 2682, 2722, 2723, 2724, 2725, 2726, 2727, 2728, 2729, 2730, 2731, 2732, 2733, 2734, 2735, 2736, 2737, 2738, 2739, 2740, 2741, 2742, 2743, 2744, 2745, 2746, 2747, 2748, 2749, 2750, 2751, 2752, 2753, 2754, 2755, 2756, 2757, 2758, 2759, 2760, 2761, 2762, 2763, 2764, 2765, 2766, 2767, 2768, 2769, 2770, 2771, 2772, 2773, 2774, 2775, 2776, 2777, 2778, 2779, 2780, 2781, 2782, 2783, 2784, 2785, 2786, 2787, 2788, 2789, 2790, 2791, 2792, 2793, 2839, 2840, 2841, 2842, 2843, 2844, 2845, 2846, 2847, 2848, 2849, 2850, 2851, 2852, 2853, 2854, 2855, 2856, 2857, 2858, 2859, 2860, 2861, 2862, 2863, 2864, 2865, 2866, 2867, 2868, 2869, 2870, 2871, 2872, 2873, 2874, 2875, 2876, 2877, 2878, 2879, 2880, 2881, 2882, 2883, 2884, 2885, 2886, 2887, 2888, 2889, 2890, 2891, 2892, 2893, 2894, 2895, 2896, 2897, 2898, 2899, 2900, 2901, 2902, 2903, 2904, 2905, 2906, 2907, 2908, 2909, 2910, 2950, 2951, 2952, 2953, 2954, 2955, 2956, 2957, 2958, 2959, 2960, 2961, 2962, 2963, 2964, 2965, 2966, 2967, 2968, 2969, 2970, 2971, 2972, 2973, 2974, 2975, 2976, 2977, 2978, 2979, 2980, 2981, 2982, 2983, 2984, 2985, 2986, 2987, 2988, 2989, 2990, 2991, 2992, 2993, 2994, 2995, 2996, 2997, 2998, 2999, 3000, 3001, 3002, 3003, 3004, 3005, 3006, 3007, 3008, 3009, 3010, 3011, 3012, 3013, 3014, 3015, 3016, 3017, 3018, 3019, 3020, 3021, 3061, 3062, 3063, 3064, 3065, 3066, 3067, 3068, 3069, 3070, 3071, 3072, 3073, 3074, 3075, 3076, 3077, 3078, 3079, 3080, 3081, 3082, 3083, 3084, 3085, 3086, 3087, 3088, 3089, 3090, 3091, 3092, 3093, 3094, 3095, 3096, 3097, 3098, 3099, 3100, 3101, 3102, 3103, 3104, 3105, 3106, 3107, 3108, 3109, 3110, 3111, 3112, 3113, 3114, 3115, 3116, 3117, 3118, 3119, 3120, 3121, 3122, 3123, 3124, 3125, 3126, 3127, 3128, 3129, 3130, 3131, 3132, 3172, 3173, 3174, 3175, 3176, 3177, 3178, 3179, 3180, 3181, 3182, 3183, 3184, 3185, 3186, 3187, 3188, 3189, 3190, 3191, 3192, 3193, 3194, 3195, 3196, 3197, 3198, 3199, 3200, 3201, 3202, 3203, 3204, 3205, 3206, 3207, 3208, 3209, 3210, 3211, 3212, 3213, 3214, 3215, 3216, 3217, 3218, 3219, 3220, 3221, 3222, 3223, 3224, 3225, 3226, 3227, 3228, 3229, 3230, 3231, 3232, 3233, 3234, 3235, 3236, 3237, 3238, 3239, 3240, 3241, 3242, 3243]
 Beam2: [9, 10, 11, 12, 13, 14, 15, 16, 17, 18, 19, 20, 106, 107, 108, 109, 110, 111, 112, 113, 114, 115, 116, 117, 157, 158, 159, 160, 161, 162, 163, 164, 165, 166, 167, 168, 169, 170, 171, 172, 173, 174, 175, 176, 177, 178, 179, 180, 181, 182, 183, 184, 185, 186, 187, 188, 189, 190, 191, 192, 193, 194, 195, 196, 197, 198, 199, 200, 201, 202, 203, 204, 205, 206, 207, 208, 209, 210, 211, 212, 213, 214, 215, 216, 217, 218, 219, 220, 221, 222, 223, 224, 225, 226, 227, 228, 268, 269, 270, 271, 272, 273, 274, 275, 276, 277, 278, 279, 280, 281, 282, 283, 284, 285, 286, 287, 288, 289, 290, 291, 292, 293, 294, 295, 296, 297, 298, 299, 300, 301, 302, 303, 304, 305, 306, 307, 308, 309, 310, 311, 312, 313, 314, 315, 316, 317, 318, 319, 320, 321, 322, 323, 324, 325, 326, 327, 328, 329, 330, 331, 332, 333, 334, 335, 336, 337, 338, 339, 379, 380, 381, 382, 383, 384, 385, 386, 387, 388, 389, 390, 391, 392, 393, 394, 395, 396, 397, 398, 399, 400, 401, 402, 403, 404, 405, 406, 407, 408, 409, 410, 411, 412, 413, 414, 415, 416, 417, 418, 419, 420, 421, 422, 423, 424, 425, 426, 427, 428, 429, 430, 431, 432, 433, 434, 435, 436, 437, 438, 439, 440, 441, 442, 443, 444, 445, 446, 447, 448, 449, 450, 490, 491, 492, 493, 494, 495, 496, 497, 498, 499, 500, 501, 502, 503, 504, 505, 506, 507, 508, 509, 510, 511, 512, 513, 514, 515, 516, 517, 518, 519, 520, 521, 522, 523, 524, 525, 526, 527, 528, 529, 530, 531, 532, 533, 534, 535, 536, 537, 538, 539, 540, 541, 542, 543, 544, 545, 546, 547, 548, 549, 550, 551, 552, 553, 554, 555, 556, 557, 558, 559, 560, 561, 601, 602, 603, 604, 605, 606, 607, 608, 609, 610, 611, 612, 613, 614, 615, 616, 617, 618, 619, 620, 621, 622, 623, 624, 625, 626, 627, 628, 629, 630, 631, 632, 633, 634, 635, 636, 637, 638, 639, 640, 641, 642, 643, 644, 645, 646, 647, 648, 649, 650, 651, 652, 653, 654, 655, 656, 657, 658, 659, 660, 661, 662, 663, 664, 665, 666, 667, 668, 669, 670, 671, 672, 712, 713, 714, 715, 716, 717, 718, 719, 720, 721, 722, 723, 724, 725, 726, 727, 728, 729, 730, 731, 732, 733, 734, 735, 736, 737, 738, 739, 740, 741, 742, 743, 744, 745, 746, 747, 748, 749, 750, 751, 752, 753, 754, 755, 756, 757, 758, 759, 760, 761, 762, 763, 764, 765, 766, 767, 768, 769, 770, 771, 772, 773, 774, 775, 776, 777, 778, 779, 780, 781, 782, 783, 823, 824, 825, 826, 827, 828, 829, 830, 831, 832, 833, 834, 835, 836, 837, 838, 839, 840, 841, 842, 843, 844, 845, 846, 847, 848, 849, 850, 851, 852, 853, 854, 855, 856, 857, 858, 859, 860, 861, 862, 863, 864, 865, 866, 867, 868, 869, 870, 871, 872, 873, 874, 875, 876, 877, 878, 879, 880, 881, 882, 883, 884, 885, 886, 887, 888, 889, 890, 891, 892, 893, 894, 934, 935, 936, 937, 938, 939, 940, 941, 942, 943, 944, 945, 946, 947, 948, 949, 950, 951, 952, 953, 954, 955, 956, 957, 958, 959, 960, 961, 962, 963, 964, 965, 966, 967, 968, 969, 970, 971, 972, 973, 974, 975, 976, 977, 978, 979, 980, 981, 982, 983, 984, 985, 986, 987, 988, 989, 990, 991, 992, 993, 994, 995, 996, 997, 998, 999, 1000, 1001, 1002, 1003, 1004, 1005, 1051, 1052, 1053, 1054, 1055, 1056, 1057, 1058, 1059, 1060, 1061, 1062, 1063, 1064, 1065, 1066, 1067, 1068, 1069, 1070, 1071, 1072, 1073, 1074, 1075, 1076, 1077, 1078, 1079, 1080, 1081, 1082, 1083, 1084, 1085, 1086, 1087, 1088, 1089, 1090, 1091, 1092, 1093, 1094, 1095, 1096, 1097, 1098, 1099, 1100, 1101, 1102, 1103, 1104, 1105, 1106, 1107, 1108, 1109, 1110, 1111, 1112, 1113, 1114, 1115, 1116, 1117, 1118, 1119, 1120, 1121, 1122, 1162, 1163, 1164, 1165, 1166, 1167, 1168, 1169, 1170, 1171, 1172, 1173, 1174, 1175, 1176, 1177, 1178, 1179, 1180, 1181, 1182, 1183, 1184, 1185, 1186, 1187, 1188, 1189, 1190, 1191, 1192, 1193, 1194, 1195, 1196, 1197, 1198, 1199, 1200, 1201, 1202, 1203, 1204, 1205, 1206, 1207, 1208, 1209, 1210, 1211, 1212, 1213, 1214, 1215, 1216, 1217, 1218, 1219, 1220, 1221, 1222, 1223, 1224, 1225, 1226, 1227, 1228, 1229, 1230, 1231, 1232, 1233, 1273, 1274, 1275, 1276, 1277, 1278, 1279, 1280, 1281, 1282, 1283, 1284, 1285, 1286, 1287, 1288, 1289, 1290, 1291, 1292, 1293, 1294, 1295, 1296, 1297, 1298, 1299, 1300, 1301, 1302, 1303, 1304, 1305, 1306, 1307, 1308, 1309, 1310, 1311, 1312, 1313, 1314, 1315, 1316, 1317, 1318, 1319, 1320, 1321, 1322, 1323, 1324, 1325, 1326, 1327, 1328, 1329, 1330, 1331, 1332, 1333, 1334, 1335, 1336, 1337, 1338, 1339, 1340, 1341, 1342, 1343, 1344, 1384, 1385, 1386, 1387, 1388, 1389, 1390, 1391, 1392, 1393, 1394, 1395, 1396, 1397, 1398, 1399, 1400, 1401, 1402, 1403, 1404, 1405, 1406, 1407, 1408, 1409, 1410, 1411, 1412, 1413, 1414, 1415, 1416, 1417, 1418, 1419, 1420, 1421, 1422, 1423, 1424, 1425, 1426, 1427, 1428, 1429, 1430, 1431, 1432, 1433, 1434, 1435, 1436, 1437, 1438, 1439, 1440, 1441, 1442, 1443, 1444, 1445, 1446, 1447, 1448, 1449, 1450, 1451, 1452, 1453, 1454, 1455, 1495, 1496, 1497, 1498, 1499, 1500, 1501, 1502, 1503, 1504, 1505, 1506, 1507, 1508, 1509, 1510, 1511, 1512, 1513, 1514, 1515, 1516, 1517, 1518, 1519, 1520, 1521, 1522, 1523, 1524, 1525, 1526, 1527, 1528, 1529, 1530, 1531, 1532, 1533, 1534, 1535, 1536, 1537, 1538, 1539, 1540, 1541, 1542, 1543, 1544, 1545, 1546, 1547, 1548, 1549, 1550, 1551, 1552, 1553, 1554, 1555, 1556, 1557, 1558, 1559, 1560, 1561, 1562, 1563, 1564, 1565, 1566, 1606, 1607, 1608, 1609, 1610, 1611, 1612, 1613, 1614, 1615, 1616, 1617, 1618, 1619, 1620, 1621, 1622, 1623, 1624, 1625, 1626, 1627, 1628, 1629, 1630, 1631, 1632, 1633, 1634, 1635, 1636, 1637, 1638, 1639, 1640, 1641, 1642, 1643, 1644, 1645, 1646, 1647, 1648, 1649, 1650, 1651, 1652, 1653, 1654, 1655, 1656, 1657, 1658, 1659, 1660, 1661, 1662, 1663, 1664, 1665, 1666, 1667, 1668, 1669, 1670, 1671, 1672, 1673, 1674, 1675, 1676, 1677, 1717, 1718, 1719, 1720, 1721, 1722, 1723, 1724, 1725, 1726, 1727, 1728, 1729, 1730, 1731, 1732, 1733, 1734, 1735, 1736, 1737, 1738, 1739, 1740, 1741, 1742, 1743, 1744, 1745, 1746, 1747, 1748, 1749, 1750, 1751, 1752, 1753, 1754, 1755, 1756, 1757, 1758, 1759, 1760, 1761, 1762, 1763, 1764, 1765, 1766, 1767, 1768, 1769, 1770, 1771, 1772, 1773, 1774, 1775, 1776, 1777, 1778, 1779, 1780, 1781, 1782, 1783, 1784, 1785, 1786, 1787, 1788, 1828, 1829, 1830, 1831, 1832, 1833, 1834, 1835, 1836, 1837, 1838, 1839, 1840, 1841, 1842, 1843, 1844, 1845, 1846, 1847, 1848, 1849, 1850, 1851, 1852, 1853, 1854, 1855, 1856, 1857, 1858, 1859, 1860, 1861, 1862, 1863, 1864, 1865, 1866, 1867, 1868, 1869, 1870, 1871, 1872, 1873, 1874, 1875, 1876, 1877, 1878, 1879, 1880, 1881, 1882, 1883, 1884, 1885, 1886, 1887, 1888, 1889, 1890, 1891, 1892, 1893, 1894, 1895, 1896, 1897, 1898, 1899, 1945, 1946, 1947, 1948, 1949, 1950, 1951, 1952, 1953, 1954, 1955, 1956, 1957, 1958, 1959, 1960, 1961, 1962, 1963, 1964, 1965, 1966, 1967, 1968, 1969, 1970, 1971, 1972, 1973, 1974, 1975, 1976, 1977, 1978, 1979, 1980, 1981, 1982, 1983, 1984, 1985, 1986, 1987, 1988, 1989, 1990, 1991, 1992, 1993, 1994, 1995, 1996, 1997, 1998, 1999, 2000, 2001, 2002, 2003, 2004, 2005, 2006, 2007, 2008, 2009, 2010, 2011, 2012, 2013, 2014, 2015, 2016, 2056, 2057, 2058, 2059, 2060, 2061, 2062, 2063, 2064, 2065, 2066, 2067, 2068, 2069, 2070, 2071, 2072, 2073, 2074, 2075, 2076, 2077, 2078, 2079, 2080, 2081, 2082, 2083, 2084, 2085, 2086, 2087, 2088, 2089, 2090, 2091, 2092, 2093, 2094, 2095, 2096, 2097, 2098, 2099, 2100, 2101, 2102, 2103, 2104, 2105, 2106, 2107, 2108, 2109, 2110, 2111, 2112, 2113, 2114, 2115, 2116, 2117, 2118, 2119, 2120, 2121, 2122, 2123, 2124, 2125, 2126, 2127, 2167, 2168, 2169, 2170, 2171, 2172, 2173, 2174, 2175, 2176, 2177, 2178, 2179, 2180, 2181, 2182, 2183, 2184, 2185, 2186, 2187, 2188, 2189, 2190, 2191, 2192, 2193, 2194, 2195, 2196, 2197, 2198, 2199, 2200, 2201, 2202, 2203, 2204, 2205, 2206, 2207, 2208, 2209, 2210, 2211, 2212, 2213, 2214, 2215, 2216, 2217, 2218, 2219, 2220, 2221, 2222, 2223, 2224, 2225, 2226, 2227, 2228, 2229, 2230, 2231, 2232, 2233, 2234, 2235, 2236, 2237, 2238, 2278, 2279, 2280, 2281, 2282, 2283, 2284, 2285, 2286, 2287, 2288, 2289, 2290, 2291, 2292, 2293, 2294, 2295, 2296, 2297, 2298, 2299, 2300, 2301, 2302, 2303, 2304, 2305, 2306, 2307, 2308, 2309, 2310, 2311, 2312, 2313, 2314, 2315, 2316, 2317, 2318, 2319, 2320, 2321, 2322, 2323, 2324, 2325, 2326, 2327, 2328, 2329, 2330, 2331, 2332, 2333, 2334, 2335, 2336, 2337, 2338, 2339, 2340, 2341, 2342, 2343, 2344, 2345, 2346, 2347, 2348, 2349, 2389, 2390, 2391, 2392, 2393, 2394, 2395, 2396, 2397, 2398, 2399, 2400, 2401, 2402, 2403, 2404, 2405, 2406, 2407, 2408, 2409, 2410, 2411, 2412, 2413, 2414, 2415, 2416, 2417, 2418, 2419, 2420, 2421, 2422, 2423, 2424, 2425, 2426, 2427, 2428, 2429, 2430, 2431, 2432, 2433, 2434, 2435, 2436, 2437, 2438, 2439, 2440, 2441, 2442, 2443, 2444, 2445, 2446, 2447, 2448, 2449, 2450, 2451, 2452, 2453, 2454, 2455, 2456, 2457, 2458, 2459, 2460, 2500, 2501, 2502, 2503, 2504, 2505, 2506, 2507, 2508, 2509, 2510, 2511, 2512, 2513, 2514, 2515, 2516, 2517, 2518, 2519, 2520, 2521, 2522, 2523, 2524, 2525, 2526, 2527, 2528, 2529, 2530, 2531, 2532, 2533, 2534, 2535, 2536, 2537, 2538, 2539, 2540, 2541, 2542, 2543, 2544, 2545, 2546, 2547, 2548, 2549, 2550, 2551, 2552, 2553, 2554, 2555, 2556, 2557, 2558, 2559, 2560, 2561, 2562, 2563, 2564, 2565, 2566, 2567, 2568, 2569, 2570, 2571, 2611, 2612, 2613, 2614, 2615, 2616, 2617, 2618, 2619, 2620, 2621, 2622, 2623, 2624, 2625, 2626, 2627, 2628, 2629, 2630, 2631, 2632, 2633, 2634, 2635, 2636, 2637, 2638, 2639, 2640, 2641, 2642, 2643, 2644, 2645, 2646, 2647, 2648, 2649, 2650, 2651, 2652, 2653, 2654, 2655, 2656, 2657, 2658, 2659, 2660, 2661, 2662, 2663, 2664, 2665, 2666, 2667, 2668, 2669, 2670, 2671, 2672, 2673, 2674, 2675, 2676, 2677, 2678, 2679, 2680, 2681, 2682, 2722, 2723, 2724, 2725, 2726, 2727, 2728, 2729, 2730, 2731, 2732, 2733, 2734, 2735, 2736, 2737, 2738, 2739, 2740, 2741, 2742, 2743, 2744, 2745, 2746, 2747, 2748, 2749, 2750, 2751, 2752, 2753, 2754, 2755, 2756, 2757, 2758, 2759, 2760, 2761, 2762, 2763, 2764, 2765, 2766, 2767, 2768, 2769, 2770, 2771, 2772, 2773, 2774, 2775, 2776, 2777, 2778, 2779, 2780, 2781, 2782, 2783, 2784, 2785, 2786, 2787, 2788, 2789, 2790, 2791, 2792, 2793, 2839, 2840, 2841, 2842, 2843, 2844, 2845, 2846, 2847, 2848, 2849, 2850, 2851, 2852, 2853, 2854, 2855, 2856, 2857, 2858, 2859, 2860, 2861, 2862, 2863, 2864, 2865, 2866, 2867, 2868, 2869, 2870, 2871, 2872, 2873, 2874, 2875, 2876, 2877, 2878, 2879, 2880, 2881, 2882, 2883, 2884, 2885, 2886, 2887, 2888, 2889, 2890, 2891, 2892, 2893, 2894, 2895, 2896, 2897, 2898, 2899, 2900, 2901, 2902, 2903, 2904, 2905, 2906, 2907, 2908, 2909, 2910, 2950, 2951, 2952, 2953, 2954, 2955, 2956, 2957, 2958, 2959, 2960, 2961, 2962, 2963, 2964, 2965, 2966, 2967, 2968, 2969, 2970, 2971, 2972, 2973, 2974, 2975, 2976, 2977, 2978, 2979, 2980, 2981, 2982, 2983, 2984, 2985, 2986, 2987, 2988, 2989, 2990, 2991, 2992, 2993, 2994, 2995, 2996, 2997, 2998, 2999, 3000, 3001, 3002, 3003, 3004, 3005, 3006, 3007, 3008, 3009, 3010, 3011, 3012, 3013, 3014, 3015, 3016, 3017, 3018, 3019, 3020, 3021, 3061, 3062, 3063, 3064, 3065, 3066, 3067, 3068, 3069, 3070, 3071, 3072, 3073, 3074, 3075, 3076, 3077, 3078, 3079, 3080, 3081, 3082, 3083, 3084, 3085, 3086, 3087, 3088, 3089, 3090, 3091, 3092, 3093, 3094, 3095, 3096, 3097, 3098, 3099, 3100, 3101, 3102, 3103, 3104, 3105, 3106, 3107, 3108, 3109, 3110, 3111, 3112, 3113, 3114, 3115, 3116, 3117, 3118, 3119, 3120, 3121, 3122, 3123, 3124, 3125, 3126, 3127, 3128, 3129, 3130, 3131, 3132, 3172, 3173, 3174, 3175, 3176, 3177, 3178, 3179, 3180, 3181, 3182, 3183, 3184, 3185, 3186, 3187, 3188, 3189, 3190, 3191, 3192, 3193, 3194, 3195, 3196, 3197, 3198, 3199, 3200, 3201, 3202, 3203, 3204, 3205, 3206, 3207, 3208, 3209, 3210, 3211, 3212, 3213, 3214, 3215, 3216, 3217, 3218, 3219, 3220, 3221, 3222, 3223, 3224, 3225, 3226, 3227, 3228, 3229, 3230, 3231, 3232, 3233, 3234, 3235, 3236, 3237, 3238, 3239, 3240, 3241, 3242, 3243]
 Coll:  [20, 106, 107, 108, 109, 110, 111, 112, 113, 114, 115, 116, 117, 157, 158, 159, 160, 161, 162, 163, 164, 165, 166, 167, 168, 169, 170, 171, 172, 173, 174, 175, 176, 177, 178, 179, 180, 181, 182, 183, 184, 185, 186, 187, 188, 189, 190, 191, 192, 193, 194, 195, 196, 197, 198, 199, 200, 201, 202, 203, 204, 205, 206, 207, 208, 209, 210, 211, 212, 213, 214, 215, 216, 217, 218, 219, 220, 221, 222, 223, 224, 225, 226, 227, 228, 268, 269, 270, 271, 272, 273, 274, 275, 276, 277, 278, 279, 280, 281, 282, 283, 284, 285, 286, 287, 288, 289, 290, 291, 292, 293, 294, 295, 296, 297, 298, 299, 300, 301, 302, 303, 304, 305, 306, 307, 308, 309, 310, 311, 312, 313, 314, 315, 316, 317, 318, 319, 320, 321, 322, 323, 324, 325, 326, 327, 328, 329, 330, 331, 332, 333, 334, 335, 336, 337, 338, 339, 379, 380, 381, 382, 383, 384, 385, 386, 387, 388, 389, 390, 391, 392, 393, 394, 395, 396, 397, 398, 399, 400, 401, 402, 403, 404, 405, 406, 407, 408, 409, 410, 411, 412, 413, 414, 415, 416, 417, 418, 419, 420, 421, 422, 423, 424, 425, 426, 427, 428, 429, 430, 431, 432, 433, 434, 435, 436, 437, 438, 439, 440, 441, 442, 443, 444, 445, 446, 447, 448, 449, 450, 490, 491, 492, 493, 494, 495, 496, 497, 498, 499, 500, 501, 502, 503, 504, 505, 506, 507, 508, 509, 510, 511, 512, 513, 514, 515, 516, 517, 518, 519, 520, 521, 522, 523, 524, 525, 526, 527, 528, 529, 530, 531, 532, 533, 534, 535, 536, 537, 538, 539, 540, 541, 542, 543, 544, 545, 546, 547, 548, 549, 550, 551, 552, 553, 554, 555, 556, 557, 558, 559, 560, 561, 601, 602, 603, 604, 605, 606, 607, 608, 609, 610, 611, 612, 613, 614, 615, 616, 617, 618, 619, 620, 621, 622, 623, 624, 625, 626, 627, 628, 629, 630, 631, 632, 633, 634, 635, 636, 637, 638, 639, 640, 641, 642, 643, 644, 645, 646, 647, 648, 649, 650, 651, 652, 653, 654, 655, 656, 657, 658, 659, 660, 661, 662, 663, 664, 665, 666, 667, 668, 669, 670, 671, 672, 712, 713, 714, 715, 716, 717, 718, 719, 720, 721, 722, 723, 724, 725, 726, 727, 728, 729, 730, 731, 732, 733, 734, 735, 736, 737, 738, 739, 740, 741, 742, 743, 744, 745, 746, 747, 748, 749, 750, 751, 752, 753, 754, 755, 756, 757, 758, 759, 760, 761, 762, 763, 764, 765, 766, 767, 768, 769, 770, 771, 772, 773, 774, 775, 776, 777, 778, 779, 780, 781, 782, 783, 823, 824, 825, 826, 827, 828, 829, 830, 831, 832, 833, 834, 835, 836, 837, 838, 839, 840, 841, 842, 843, 844, 845, 846, 847, 848, 849, 850, 851, 852, 853, 854, 855, 856, 857, 858, 859, 860, 861, 862, 863, 864, 865, 866, 867, 868, 869, 870, 871, 872, 873, 874, 875, 876, 877, 878, 879, 880, 881, 882, 883, 884, 885, 886, 887, 888, 889, 890, 891, 892, 893, 894, 934, 935, 936, 937, 938, 939, 940, 941, 942, 943, 944, 945, 946, 947, 948, 949, 950, 951, 952, 953, 954, 955, 956, 957, 958, 959, 960, 961, 962, 963, 964, 965, 966, 967, 968, 969, 970, 971, 972, 973, 974, 975, 976, 977, 978, 979, 980, 981, 982, 983, 984, 985, 986, 987, 988, 989, 990, 991, 992, 993, 994, 995, 996, 997, 998, 999, 1000, 1001, 1002, 1003, 1004, 1005, 1051, 1052, 1053, 1054, 1055, 1056, 1057, 1058, 1059, 1060, 1061, 1062, 1063, 1064, 1065, 1066, 1067, 1068, 1069, 1070, 1071, 1072, 1073, 1074, 1075, 1076, 1077, 1078, 1079, 1080, 1081, 1082, 1083, 1084, 1085, 1086, 1087, 1088, 1089, 1090, 1091, 1092, 1093, 1094, 1095, 1096, 1097, 1098, 1099, 1100, 1101, 1102, 1103, 1104, 1105, 1106, 1107, 1108, 1109, 1110, 1111, 1112, 1113, 1114, 1115, 1116, 1117, 1118, 1119, 1120, 1121, 1122, 1162, 1163, 1164, 1165, 1166, 1167, 1168, 1169, 1170, 1171, 1172, 1173, 1174, 1175, 1176, 1177, 1178, 1179, 1180, 1181, 1182, 1183, 1184, 1185, 1186, 1187, 1188, 1189, 1190, 1191, 1192, 1193, 1194, 1195, 1196, 1197, 1198, 1199, 1200, 1201, 1202, 1203, 1204, 1205, 1206, 1207, 1208, 1209, 1210, 1211, 1212, 1213, 1214, 1215, 1216, 1217, 1218, 1219, 1220, 1221, 1222, 1223, 1224, 1225, 1226, 1227, 1228, 1229, 1230, 1231, 1232, 1233, 1273, 1274, 1275, 1276, 1277, 1278, 1279, 1280, 1281, 1282, 1283, 1284, 1285, 1286, 1287, 1288, 1289, 1290, 1291, 1292, 1293, 1294, 1295, 1296, 1297, 1298, 1299, 1300, 1301, 1302, 1303, 1304, 1305, 1306, 1307, 1308, 1309, 1310, 1311, 1312, 1313, 1314, 1315, 1316, 1317, 1318, 1319, 1320, 1321, 1322, 1323, 1324, 1325, 1326, 1327, 1328, 1329, 1330, 1331, 1332, 1333, 1334, 1335, 1336, 1337, 1338, 1339, 1340, 1341, 1342, 1343, 1344, 1384, 1385, 1386, 1387, 1388, 1389, 1390, 1391, 1392, 1393, 1394, 1395, 1396, 1397, 1398, 1399, 1400, 1401, 1402, 1403, 1404, 1405, 1406, 1407, 1408, 1409, 1410, 1411, 1412, 1413, 1414, 1415, 1416, 1417, 1418, 1419, 1420, 1421, 1422, 1423, 1424, 1425, 1426, 1427, 1428, 1429, 1430, 1431, 1432, 1433, 1434, 1435, 1436, 1437, 1438, 1439, 1440, 1441, 1442, 1443, 1444, 1445, 1446, 1447, 1448, 1449, 1450, 1451, 1452, 1453, 1454, 1455, 1495, 1496, 1497, 1498, 1499, 1500, 1501, 1502, 1503, 1504, 1505, 1506, 1507, 1508, 1509, 1510, 1511, 1512, 1513, 1514, 1515, 1516, 1517, 1518, 1519, 1520, 1521, 1522, 1523, 1524, 1525, 1526, 1527, 1528, 1529, 1530, 1531, 1532, 1533, 1534, 1535, 1536, 1537, 1538, 1539, 1540, 1541, 1542, 1543, 1544, 1545, 1546, 1547, 1548, 1549, 1550, 1551, 1552, 1553, 1554, 1555, 1556, 1557, 1558, 1559, 1560, 1561, 1562, 1563, 1564, 1565, 1566, 1606, 1607, 1608, 1609, 1610, 1611, 1612, 1613, 1614, 1615, 1616, 1617, 1618, 1619, 1620, 1621, 1622, 1623, 1624, 1625, 1626, 1627, 1628, 1629, 1630, 1631, 1632, 1633, 1634, 1635, 1636, 1637, 1638, 1639, 1640, 1641, 1642, 1643, 1644, 1645, 1646, 1647, 1648, 1649, 1650, 1651, 1652, 1653, 1654, 1655, 1656, 1657, 1658, 1659, 1660, 1661, 1662, 1663, 1664, 1665, 1666, 1667, 1668, 1669, 1670, 1671, 1672, 1673, 1674, 1675, 1676, 1677, 1717, 1718, 1719, 1720, 1721, 1722, 1723, 1724, 1725, 1726, 1727, 1728, 1729, 1730, 1731, 1732, 1733, 1734, 1735, 1736, 1737, 1738, 1739, 1740, 1741, 1742, 1743, 1744, 1745, 1746, 1747, 1748, 1749, 1750, 1751, 1752, 1753, 1754, 1755, 1756, 1757, 1758, 1759, 1760, 1761, 1762, 1763, 1764, 1765, 1766, 1767, 1768, 1769, 1770, 1771, 1772, 1773, 1774, 1775, 1776, 1777, 1778, 1779, 1780, 1781, 1782, 1783, 1784, 1785, 1786, 1787, 1788, 1828, 1829, 1830, 1831, 1832, 1833, 1834, 1835, 1836, 1837, 1838, 1839, 1840, 1841, 1842, 1843, 1844, 1845, 1846, 1847, 1848, 1849, 1850, 1851, 1852, 1853, 1854, 1855, 1856, 1857, 1858, 1859, 1860, 1861, 1862, 1863, 1864, 1865, 1866, 1867, 1868, 1869, 1870, 1871, 1872, 1873, 1874, 1875, 1876, 1877, 1878, 1879, 1880, 1881, 1882, 1883, 1884, 1885, 1886, 1887, 1888, 1889, 1890, 1891, 1892, 1893, 1894, 1895, 1896, 1897, 1898, 1899, 1945, 1946, 1947, 1948, 1949, 1950, 1951, 1952, 1953, 1954, 1955, 1956, 1957, 1958, 1959, 1960, 1961, 1962, 1963, 1964, 1965, 1966, 1967, 1968, 1969, 1970, 1971, 1972, 1973, 1974, 1975, 1976, 1977, 1978, 1979, 1980, 1981, 1982, 1983, 1984, 1985, 1986, 1987, 1988, 1989, 1990, 1991, 1992, 1993, 1994, 1995, 1996, 1997, 1998, 1999, 2000, 2001, 2002, 2003, 2004, 2005, 2006, 2007, 2008, 2009, 2010, 2011, 2012, 2013, 2014, 2015, 2016, 2056, 2057, 2058, 2059, 2060, 2061, 2062, 2063, 2064, 2065, 2066, 2067, 2068, 2069, 2070, 2071, 2072, 2073, 2074, 2075, 2076, 2077, 2078, 2079, 2080, 2081, 2082, 2083, 2084, 2085, 2086, 2087, 2088, 2089, 2090, 2091, 2092, 2093, 2094, 2095, 2096, 2097, 2098, 2099, 2100, 2101, 2102, 2103, 2104, 2105, 2106, 2107, 2108, 2109, 2110, 2111, 2112, 2113, 2114, 2115, 2116, 2117, 2118, 2119, 2120, 2121, 2122, 2123, 2124, 2125, 2126, 2127, 2167, 2168, 2169, 2170, 2171, 2172, 2173, 2174, 2175, 2176, 2177, 2178, 2179, 2180, 2181, 2182, 2183, 2184, 2185, 2186, 2187, 2188, 2189, 2190, 2191, 2192, 2193, 2194, 2195, 2196, 2197, 2198, 2199, 2200, 2201, 2202, 2203, 2204, 2205, 2206, 2207, 2208, 2209, 2210, 2211, 2212, 2213, 2214, 2215, 2216, 2217, 2218, 2219, 2220, 2221, 2222, 2223, 2224, 2225, 2226, 2227, 2228, 2229, 2230, 2231, 2232, 2233, 2234, 2235, 2236, 2237, 2238, 2278, 2279, 2280, 2281, 2282, 2283, 2284, 2285, 2286, 2287, 2288, 2289, 2290, 2291, 2292, 2293, 2294, 2295, 2296, 2297, 2298, 2299, 2300, 2301, 2302, 2303, 2304, 2305, 2306, 2307, 2308, 2309, 2310, 2311, 2312, 2313, 2314, 2315, 2316, 2317, 2318, 2319, 2320, 2321, 2322, 2323, 2324, 2325, 2326, 2327, 2328, 2329, 2330, 2331, 2332, 2333, 2334, 2335, 2336, 2337, 2338, 2339, 2340, 2341, 2342, 2343, 2344, 2345, 2346, 2347, 2348, 2349, 2389, 2390, 2391, 2392, 2393, 2394, 2395, 2396, 2397, 2398, 2399, 2400, 2401, 2402, 2403, 2404, 2405, 2406, 2407, 2408, 2409, 2410, 2411, 2412, 2413, 2414, 2415, 2416, 2417, 2418, 2419, 2420, 2421, 2422, 2423, 2424, 2425, 2426, 2427, 2428, 2429, 2430, 2431, 2432, 2433, 2434, 2435, 2436, 2437, 2438, 2439, 2440, 2441, 2442, 2443, 2444, 2445, 2446, 2447, 2448, 2449, 2450, 2451, 2452, 2453, 2454, 2455, 2456, 2457, 2458, 2459, 2460, 2500, 2501, 2502, 2503, 2504, 2505, 2506, 2507, 2508, 2509, 2510, 2511, 2512, 2513, 2514, 2515, 2516, 2517, 2518, 2519, 2520, 2521, 2522, 2523, 2524, 2525, 2526, 2527, 2528, 2529, 2530, 2531, 2532, 2533, 2534, 2535, 2536, 2537, 2538, 2539, 2540, 2541, 2542, 2543, 2544, 2545, 2546, 2547, 2548, 2549, 2550, 2551, 2552, 2553, 2554, 2555, 2556, 2557, 2558, 2559, 2560, 2561, 2562, 2563, 2564, 2565, 2566, 2567, 2568, 2569, 2570, 2571, 2611, 2612, 2613, 2614, 2615, 2616, 2617, 2618, 2619, 2620, 2621, 2622, 2623, 2624, 2625, 2626, 2627, 2628, 2629, 2630, 2631, 2632, 2633, 2634, 2635, 2636, 2637, 2638, 2639, 2640, 2641, 2642, 2643, 2644, 2645, 2646, 2647, 2648, 2649, 2650, 2651, 2652, 2653, 2654, 2655, 2656, 2657, 2658, 2659, 2660, 2661, 2662, 2663, 2664, 2665, 2666, 2667, 2668, 2669, 2670, 2671, 2672, 2673, 2674, 2675, 2676, 2677, 2678, 2679, 2680, 2681, 2682, 2722, 2723, 2724, 2725, 2726, 2727, 2728, 2729, 2730, 2731, 2732, 2733, 2734, 2735, 2736, 2737, 2738, 2739, 2740, 2741, 2742, 2743, 2744, 2745, 2746, 2747, 2748, 2749, 2750, 2751, 2752, 2753, 2754, 2755, 2756, 2757, 2758, 2759, 2760, 2761, 2762, 2763, 2764, 2765, 2766, 2767, 2768, 2769, 2770, 2771, 2772, 2773, 2774, 2775, 2776, 2777, 2778, 2779, 2780, 2781, 2782, 2783, 2784, 2785, 2786, 2787, 2788, 2789, 2790, 2791, 2792, 2793, 2839, 2840, 2841, 2842, 2843, 2844, 2845, 2846, 2847, 2848, 2849, 2850, 2851, 2852, 2853, 2854, 2855, 2856, 2857, 2858, 2859, 2860, 2861, 2862, 2863, 2864, 2865, 2866, 2867, 2868, 2869, 2870, 2871, 2872, 2873, 2874, 2875, 2876, 2877, 2878, 2879, 2880, 2881, 2882, 2883, 2884, 2885, 2886, 2887, 2888, 2889, 2890, 2891, 2892, 2893, 2894, 2895, 2896, 2897, 2898, 2899, 2900, 2901, 2902, 2903, 2904, 2905, 2906, 2907, 2908, 2909, 2910, 2950, 2951, 2952, 2953, 2954, 2955, 2956, 2957, 2958, 2959, 2960, 2961, 2962, 2963, 2964, 2965, 2966, 2967, 2968, 2969, 2970, 2971, 2972, 2973, 2974, 2975, 2976, 2977, 2978, 2979, 2980, 2981, 2982, 2983, 2984, 2985, 2986, 2987, 2988, 2989, 2990, 2991, 2992, 2993, 2994, 2995, 2996, 2997, 2998, 2999, 3000, 3001, 3002, 3003, 3004, 3005, 3006, 3007, 3008, 3009, 3010, 3011, 3012, 3013, 3014, 3015, 3016, 3017, 3018, 3019, 3020, 3021, 3061, 3062, 3063, 3064, 3065, 3066, 3067, 3068, 3069, 3070, 3071, 3072, 3073, 3074, 3075, 3076, 3077, 3078, 3079, 3080, 3081, 3082, 3083, 3084, 3085, 3086, 3087, 3088, 3089, 3090, 3091, 3092, 3093, 3094, 3095, 3096, 3097, 3098, 3099, 3100, 3101, 3102, 3103, 3104, 3105, 3106, 3107, 3108, 3109, 3110, 3111, 3112, 3113, 3114, 3115, 3116, 3117, 3118, 3119, 3120, 3121, 3122, 3123, 3124, 3125, 3126, 3127, 3128, 3129, 3130, 3131, 3132, 3172, 3173, 3174, 3175, 3176, 3177, 3178, 3179, 3180, 3181, 3182, 3183, 3184, 3185, 3186, 3187, 3188, 3189, 3190, 3191, 3192, 3193, 3194, 3195, 3196, 3197, 3198, 3199, 3200, 3201, 3202, 3203, 3204, 3205, 3206, 3207, 3208, 3209, 3210, 3211, 3212, 3213, 3214, 3215, 3216, 3217, 3218, 3219, 3220, 3221, 3222, 3223, 3224, 3225, 3226, 3227, 3228, 3229, 3230, 3231, 3232, 3233, 3234, 3235, 3236, 3237, 3238, 3239, 3240, 3241, 3242, 3243]
Bunch Group Length: 2029 Colliding BCIDs: 2029
No offline lumi data found!

---------------------------------------------------------------------------------------------
Found Run/LB 283270/2 (15/10/26, 09:22:41 - 15/10/26, 09:22:55) Length 14.4 sec
Bunch Group Length: 2029 Colliding BCIDs: 2029
No offline lumi data found!

---------------------------------------------------------------------------------------------
Found Run/LB 283270/3 (15/10/26, 09:22:55 - 15/10/26, 09:23:15) Length 19.6 sec
Bunch Group Length: 2029 Colliding BCIDs: 2029
No offline lumi data found!

---------------------------------------------------------------------------------------------
Found Run/LB 283270/4 (15/10/26, 09:23:15 - 15/10/26, 09:24:15) Length 60.3 sec
Bunch Group Length: 2029 Colliding BCIDs: 2029
No offline lumi data found!

---------------------------------------------------------------------------------------------
Found Run/LB 283270/5 (15/10/26, 09:24:15 - 15/10/26, 09:25:15) Length 60.1 sec
Bunch Group Length: 2029 Colliding BCIDs: 2029
No offline lumi data found!

---------------------------------------------------------------------------------------------
Found Run/LB 283270/6 (15/10/26, 09:25:15 - 15/10/26, 09:26:15) Length 60.1 sec
Bunch Group Length: 2029 Colliding BCIDs: 2029
No offline lumi data found!

---------------------------------------------------------------------------------------------
Found Run/LB 283270/7 (15/10/26, 09:26:15 - 15/10/26, 09:27:16) Length 60.3 sec
Bunch Group Length: 2029 Colliding BCIDs: 2029
No offline lumi data found!

---------------------------------------------------------------------------------------------
Found Run/LB 283270/8 (15/10/26, 09:27:16 - 15/10/26, 09:28:16) Length 60.1 sec  -> stable
Bunch Group Length: 2029 Colliding BCIDs: 2029
No offline lumi data found!

---------------------------------------------------------------------------------------------
Found Run/LB 283270/9 (15/10/26, 09:28:16 - 15/10/26, 09:29:16) Length 60.1 sec  -> stable
Bunch Group Length: 2029 Colliding BCIDs: 2029
No offline lumi data found!

---------------------------------------------------------------------------------------------
Found Run/LB 283270/10 (15/10/26, 09:29:16 - 15/10/26, 09:29:44) Length 28.3 sec  -> stable
Bunch Group Length: 2029 Colliding BCIDs: 2029
No offline lumi data found!

---------------------------------------------------------------------------------------------
Found Run/LB 283270/11 (15/10/26, 09:29:44 - 15/10/26, 09:30:44) Length 60.5 sec  -> stable
Bunch Group Length: 2029 Colliding BCIDs: 2029
No offline lumi data found!

---------------------------------------------------------------------------------------------
Found Run/LB 283270/12 (15/10/26, 09:30:44 - 15/10/26, 09:31:45) Length 60.3 sec  -> stable
Bunch Group Length: 2029 Colliding BCIDs: 2029
No offline lumi data found!

---------------------------------------------------------------------------------------------
Found Run/LB 283270/13 (15/10/26, 09:31:45 - 15/10/26, 09:32:45) Length 60.1 sec  -> stable
Bunch Group Length: 2029 Colliding BCIDs: 2029
No offline lumi data found!

---------------------------------------------------------------------------------------------
Found Run/LB 283270/14 (15/10/26, 09:32:45 - 15/10/26, 09:33:45) Length 60.3 sec  -> stable
Bunch Group Length: 2029 Colliding BCIDs: 2029
No offline lumi data found!

---------------------------------------------------------------------------------------------
Found Run/LB 283270/15 (15/10/26, 09:33:45 - 15/10/26, 09:34:45) Length 60.1 sec  -> stable
Bunch Group Length: 2029 Colliding BCIDs: 2029
No offline lumi data found!

---------------------------------------------------------------------------------------------
Found Run/LB 283270/16 (15/10/26, 09:34:45 - 15/10/26, 09:35:45) Length 60.1 sec  -> stable
Bunch Group Length: 2029 Colliding BCIDs: 2029
No offline lumi data found!

---------------------------------------------------------------------------------------------
Found Run/LB 283270/17 (15/10/26, 09:35:45 - 15/10/26, 09:36:45) Length 60.0 sec  -> stable
Bunch Group Length: 2029 Colliding BCIDs: 2029
No offline lumi data found!

---------------------------------------------------------------------------------------------
Found Run/LB 283270/18 (15/10/26, 09:36:45 - 15/10/26, 09:37:46) Length 60.3 sec  -> stable
Bunch Group Length: 2029 Colliding BCIDs: 2029
No offline lumi data found!

---------------------------------------------------------------------------------------------
Found Run/LB 283270/19 (15/10/26, 09:37:46 - 15/10/26, 09:38:46) Length 60.1 sec  -> stable
Bunch Group Length: 2029 Colliding BCIDs: 2029
No offline lumi data found!

---------------------------------------------------------------------------------------------
Found Run/LB 283270/20 (15/10/26, 09:38:46 - 15/10/26, 09:39:46) Length 60.2 sec  -> stable
Bunch Group Length: 2029 Colliding BCIDs: 2029
No offline lumi data found!

---------------------------------------------------------------------------------------------
Found Run/LB 283270/21 (15/10/26, 09:39:46 - 15/10/26, 09:40:46) Length 60.0 sec  -> stable
Bunch Group Length: 2029 Colliding BCIDs: 2029
No offline lumi data found!

---------------------------------------------------------------------------------------------
Found Run/LB 283270/22 (15/10/26, 09:40:46 - 15/10/26, 09:41:46) Length 60.1 sec  -> stable
Bunch Group Length: 2029 Colliding BCIDs: 2029
No offline lumi data found!

---------------------------------------------------------------------------------------------
Found Run/LB 283270/23 (15/10/26, 09:41:46 - 15/10/26, 09:42:46) Length 60.1 sec  -> stable
Bunch Group Length: 2029 Colliding BCIDs: 2029
No offline lumi data found!

---------------------------------------------------------------------------------------------
Found Run/LB 283270/24 (15/10/26, 09:42:46 - 15/10/26, 09:43:46) Length 60.1 sec  -> stable
Bunch Group Length: 2029 Colliding BCIDs: 2029
No offline lumi data found!

---------------------------------------------------------------------------------------------
Found Run/LB 283270/25 (15/10/26, 09:43:46 - 15/10/26, 09:44:46) Length 60.1 sec  -> stable
Bunch Group Length: 2029 Colliding BCIDs: 2029
No offline lumi data found!

---------------------------------------------------------------------------------------------
Found Run/LB 283270/26 (15/10/26, 09:44:46 - 15/10/26, 09:45:47) Length 60.3 sec  -> stable
Bunch Group Length: 2029 Colliding BCIDs: 2029
No offline lumi data found!

---------------------------------------------------------------------------------------------
Found Run/LB 283270/27 (15/10/26, 09:45:47 - 15/10/26, 09:46:47) Length 60.3 sec  -> stable
Bunch Group Length: 2029 Colliding BCIDs: 2029
No offline lumi data found!

---------------------------------------------------------------------------------------------
Found Run/LB 283270/28 (15/10/26, 09:46:47 - 15/10/26, 09:47:47) Length 60.1 sec  -> stable
Bunch Group Length: 2029 Colliding BCIDs: 2029
No offline lumi data found!

---------------------------------------------------------------------------------------------
Found Run/LB 283270/29 (15/10/26, 09:47:47 - 15/10/26, 09:48:18) Length 31.3 sec  -> stable
Bunch Group Length: 2029 Colliding BCIDs: 2029
No offline lumi data found!

---------------------------------------------------------------------------------------------
Found Run/LB 283270/30 (15/10/26, 09:48:18 - 15/10/26, 09:49:19) Length 60.4 sec  -> stable
Bunch Group Length: 2029 Colliding BCIDs: 2029
No offline lumi data found!

---------------------------------------------------------------------------------------------
Found Run/LB 283270/31 (15/10/26, 09:49:19 - 15/10/26, 09:50:19) Length 60.1 sec  -> stable
Bunch Group Length: 2029 Colliding BCIDs: 2029
No offline lumi data found!

---------------------------------------------------------------------------------------------
Found Run/LB 283270/32 (15/10/26, 09:50:19 - 15/10/26, 09:51:19) Length 60.3 sec  -> stable
Bunch Group Length: 2029 Colliding BCIDs: 2029
No offline lumi data found!

---------------------------------------------------------------------------------------------
Found Run/LB 283270/33 (15/10/26, 09:51:19 - 15/10/26, 09:52:19) Length 60.1 sec  -> stable
Bunch Group Length: 2029 Colliding BCIDs: 2029
No offline lumi data found!

---------------------------------------------------------------------------------------------
Found Run/LB 283270/34 (15/10/26, 09:52:19 - 15/10/26, 09:53:19) Length 60.3 sec  -> stable
Bunch Group Length: 2029 Colliding BCIDs: 2029
No offline lumi data found!

---------------------------------------------------------------------------------------------
Found Run/LB 283270/35 (15/10/26, 09:53:19 - 15/10/26, 09:53:48) Length 28.6 sec  -> stable
Bunch Group Length: 2029 Colliding BCIDs: 2029
No offline lumi data found!

---------------------------------------------------------------------------------------------
Found Run/LB 283270/36 (15/10/26, 09:53:48 - 15/10/26, 09:54:48) Length 60.4 sec  -> stable
Bunch Group Length: 2029 Colliding BCIDs: 2029
No offline lumi data found!

---------------------------------------------------------------------------------------------
Found Run/LB 283270/37 (15/10/26, 09:54:48 - 15/10/26, 09:55:48) Length 60.0 sec  -> stable
Bunch Group Length: 2029 Colliding BCIDs: 2029
No offline lumi data found!

---------------------------------------------------------------------------------------------
Found Run/LB 283270/38 (15/10/26, 09:55:48 - 15/10/26, 09:56:12) Length 23.6 sec  -> stable
Bunch Group Length: 2029 Colliding BCIDs: 2029
No offline lumi data found!

---------------------------------------------------------------------------------------------
Found Run/LB 283270/39 (15/10/26, 09:56:12 - 15/10/26, 09:57:05) Length 53.4 sec  -> stable
Bunch Group Length: 2029 Colliding BCIDs: 2029
No offline lumi data found!

---------------------------------------------------------------------------------------------
Found Run/LB 283270/40 (15/10/26, 09:57:05 - 15/10/26, 09:57:18) Length 12.7 sec  -> stable
Bunch Group Length: 2029 Colliding BCIDs: 2029
No offline lumi data found!

---------------------------------------------------------------------------------------------
Found Run/LB 283270/41 (15/10/26, 09:57:18 - 15/10/26, 09:58:18) Length 60.2 sec  -> stable
Bunch Group Length: 2029 Colliding BCIDs: 2029
No offline lumi data found!

---------------------------------------------------------------------------------------------
Found Run/LB 283270/42 (15/10/26, 09:58:18 - 15/10/26, 09:59:18) Length 60.1 sec  -> stable
Bunch Group Length: 2029 Colliding BCIDs: 2029
No offline lumi data found!

---------------------------------------------------------------------------------------------
Found Run/LB 283270/43 (15/10/26, 09:59:18 - 15/10/26, 09:59:34) Length 15.4 sec  -> stable
Bunch Group Length: 2029 Colliding BCIDs: 2029
No offline lumi data found!

---------------------------------------------------------------------------------------------
Found Run/LB 283270/44 (15/10/26, 09:59:34 - 15/10/26, 09:59:48) Length 14.0 sec  -> stable
Bunch Group Length: 2029 Colliding BCIDs: 2029
No offline lumi data found!

---------------------------------------------------------------------------------------------
Found Run/LB 283270/45 (15/10/26, 09:59:48 - 15/10/26, 10:00:48) Length 60.1 sec  -> stable
Bunch Group Length: 2029 Colliding BCIDs: 2029
No offline lumi data found!

---------------------------------------------------------------------------------------------
Found Run/LB 283270/46 (15/10/26, 10:00:48 - 15/10/26, 10:01:48) Length 60.1 sec  -> stable
Bunch Group Length: 2029 Colliding BCIDs: 2029
No offline lumi data found!

---------------------------------------------------------------------------------------------
Found Run/LB 283270/47 (15/10/26, 10:01:48 - 15/10/26, 10:01:58) Length 10.0 sec  -> stable
Bunch Group Length: 2029 Colliding BCIDs: 2029
No offline lumi data found!

---------------------------------------------------------------------------------------------
Found Run/LB 283270/48 (15/10/26, 10:01:58 - 15/10/26, 10:02:58) Length 60.1 sec  -> stable
Bunch Group Length: 2029 Colliding BCIDs: 2029
No offline lumi data found!

---------------------------------------------------------------------------------------------
Found Run/LB 283270/49 (15/10/26, 10:02:58 - 15/10/26, 10:03:39) Length 41.0 sec  -> stable
Bunch Group Length: 2029 Colliding BCIDs: 2029
No offline lumi data found!

---------------------------------------------------------------------------------------------
Found Run/LB 283270/50 (15/10/26, 10:03:39 - 15/10/26, 10:04:01) Length 22.1 sec  -> stable
Bunch Group Length: 2029 Colliding BCIDs: 2029
No offline lumi data found!

---------------------------------------------------------------------------------------------
Found Run/LB 283270/51 (15/10/26, 10:04:01 - 15/10/26, 10:05:02) Length 60.3 sec  -> stable
Bunch Group Length: 2029 Colliding BCIDs: 2029
No offline lumi data found!

---------------------------------------------------------------------------------------------
Found Run/LB 283270/52 (15/10/26, 10:05:02 - 15/10/26, 10:05:13) Length 11.3 sec  -> stable
Bunch Group Length: 2029 Colliding BCIDs: 2029
No offline lumi data found!

---------------------------------------------------------------------------------------------
Found Run/LB 283270/53 (15/10/26, 10:05:13 - 15/10/26, 10:06:13) Length 60.1 sec  -> stable
Bunch Group Length: 2029 Colliding BCIDs: 2029
No offline lumi data found!

---------------------------------------------------------------------------------------------
Found Run/LB 283270/54 (15/10/26, 10:06:13 - 15/10/26, 10:07:13) Length 60.1 sec  -> stable
Bunch Group Length: 2029 Colliding BCIDs: 2029
No offline lumi data found!

---------------------------------------------------------------------------------------------
Found Run/LB 283270/55 (15/10/26, 10:07:13 - 15/10/26, 10:08:13) Length 60.0 sec  -> stable
Bunch Group Length: 2029 Colliding BCIDs: 2029
No offline lumi data found!

---------------------------------------------------------------------------------------------
Found Run/LB 283270/56 (15/10/26, 10:08:13 - 15/10/26, 10:09:13) Length 60.1 sec  -> stable
Bunch Group Length: 2029 Colliding BCIDs: 2029
No offline lumi data found!

---------------------------------------------------------------------------------------------
Found Run/LB 283270/57 (15/10/26, 10:09:13 - 15/10/26, 10:10:13) Length 60.1 sec  -> stable
Bunch Group Length: 2029 Colliding BCIDs: 2029
No offline lumi data found!

---------------------------------------------------------------------------------------------
Found Run/LB 283270/58 (15/10/26, 10:10:13 - 15/10/26, 10:11:13) Length 60.1 sec  -> stable
Bunch Group Length: 2029 Colliding BCIDs: 2029
No offline lumi data found!

---------------------------------------------------------------------------------------------
Found Run/LB 283270/59 (15/10/26, 10:11:13 - 15/10/26, 10:12:13) Length 60.0 sec  -> stable
Bunch Group Length: 2029 Colliding BCIDs: 2029
No offline lumi data found!

---------------------------------------------------------------------------------------------
Found Run/LB 283270/60 (15/10/26, 10:12:13 - 15/10/26, 10:13:14) Length 60.3 sec  -> stable
Bunch Group Length: 2029 Colliding BCIDs: 2029
No offline lumi data found!

---------------------------------------------------------------------------------------------
Found Run/LB 283270/61 (15/10/26, 10:13:14 - 15/10/26, 10:14:14) Length 60.1 sec  -> stable
Bunch Group Length: 2029 Colliding BCIDs: 2029
No offline lumi data found!

---------------------------------------------------------------------------------------------
Found Run/LB 283270/62 (15/10/26, 10:14:14 - 15/10/26, 10:15:14) Length 60.1 sec  -> stable
Bunch Group Length: 2029 Colliding BCIDs: 2029
No offline lumi data found!

---------------------------------------------------------------------------------------------
Found Run/LB 283270/63 (15/10/26, 10:15:14 - 15/10/26, 10:16:14) Length 60.3 sec  -> stable
Bunch Group Length: 2029 Colliding BCIDs: 2029
No offline lumi data found!

---------------------------------------------------------------------------------------------
Found Run/LB 283270/64 (15/10/26, 10:16:14 - 15/10/26, 10:17:14) Length 60.1 sec  -> stable
Bunch Group Length: 2029 Colliding BCIDs: 2029
No offline lumi data found!

---------------------------------------------------------------------------------------------
Found Run/LB 283270/65 (15/10/26, 10:17:14 - 15/10/26, 10:18:14) Length 60.1 sec  -> stable
Bunch Group Length: 2029 Colliding BCIDs: 2029
No offline lumi data found!

---------------------------------------------------------------------------------------------
Found Run/LB 283270/66 (15/10/26, 10:18:14 - 15/10/26, 10:19:14) Length 60.1 sec  -> stable
Bunch Group Length: 2029 Colliding BCIDs: 2029
No offline lumi data found!

---------------------------------------------------------------------------------------------
Found Run/LB 283270/67 (15/10/26, 10:19:14 - 15/10/26, 10:20:14) Length 60.0 sec  -> stable
Bunch Group Length: 2029 Colliding BCIDs: 2029
No offline lumi data found!

---------------------------------------------------------------------------------------------
Found Run/LB 283270/68 (15/10/26, 10:20:14 - 15/10/26, 10:21:14) Length 60.1 sec  -> stable
Bunch Group Length: 2029 Colliding BCIDs: 2029
No offline lumi data found!

---------------------------------------------------------------------------------------------
Found Run/LB 283270/69 (15/10/26, 10:21:14 - 15/10/26, 10:22:13) Length 58.5 sec  -> stable
Bunch Group Length: 2029 Colliding BCIDs: 2029
No offline lumi data found!

---------------------------------------------------------------------------------------------
Found Run/LB 283270/70 (15/10/26, 10:22:13 - 15/10/26, 10:23:06) Length 53.1 sec  -> stable
Bunch Group Length: 2029 Colliding BCIDs: 2029
No offline lumi data found!

---------------------------------------------------------------------------------------------
Found Run/LB 283270/71 (15/10/26, 10:23:06 - 15/10/26, 10:24:06) Length 60.2 sec  -> stable
Bunch Group Length: 2029 Colliding BCIDs: 2029
No offline lumi data found!

---------------------------------------------------------------------------------------------
Found Run/LB 283270/72 (15/10/26, 10:24:06 - 15/10/26, 10:25:06) Length 60.1 sec  -> stable
Bunch Group Length: 2029 Colliding BCIDs: 2029
No offline lumi data found!

---------------------------------------------------------------------------------------------
Found Run/LB 283270/73 (15/10/26, 10:25:06 - 15/10/26, 10:26:06) Length 60.1 sec  -> stable
Bunch Group Length: 2029 Colliding BCIDs: 2029
No offline lumi data found!

---------------------------------------------------------------------------------------------
Found Run/LB 283270/74 (15/10/26, 10:26:06 - 15/10/26, 10:27:06) Length 60.1 sec  -> stable
Bunch Group Length: 2029 Colliding BCIDs: 2029
No offline lumi data found!

---------------------------------------------------------------------------------------------
Found Run/LB 283270/75 (15/10/26, 10:27:06 - 15/10/26, 10:27:32) Length 25.4 sec  -> stable
Bunch Group Length: 2029 Colliding BCIDs: 2029
No offline lumi data found!

---------------------------------------------------------------------------------------------
Found Run/LB 283270/76 (15/10/26, 10:27:32 - 15/10/26, 10:28:32) Length 60.5 sec  -> stable
Bunch Group Length: 2029 Colliding BCIDs: 2029
No offline lumi data found!

---------------------------------------------------------------------------------------------
Found Run/LB 283270/77 (15/10/26, 10:28:32 - 15/10/26, 10:29:33) Length 60.3 sec  -> stable
unpackRun2BCIDMask found:
 Beam1: []
 Beam2: []
 Coll:  []
Bunch Group Length: 2029 Colliding BCIDs: 0
Bunch group:
 20  106  107  108  109  110  111  112  113  114  115  116  117  157  158  159  160  161  162  163  164  165  166  167  168  169  170  171  172  173  174  175  176  177  178  179  180  181  182  183  184  185  186  187  188  189  190  191  192  193  194  195  196  197  198  199  200  201  202  203  204  205  206  207  208  209  210  211  212  213  214  215  216  217  218  219  220  221  222  223  224  225  226  227  228  268  269  270  271  272  273  274  275  276  277  278  279  280  281  282  283  284  285  286  287  288  289  290  291  292  293  294  295  296  297  298  299  300  301  302  303  304  305  306  307  308  309  310  311  312  313  314  315  316  317  318  319  320  321  322  323  324  325  326  327  328  329  330  331  332  333  334  335  336  337  338  339  379  380  381  382  383  384  385  386  387  388  389  390  391  392  393  394  395  396  397  398  399  400  401  402  403  404  405  406  407  408  409  410  411  412  413  414  415  416  417  418  419  420  421  422  423  424  425  426  427  428  429  430  431  432  433  434  435  436  437  438  439  440  441  442  443  444  445  446  447  448  449  450  490  491  492  493  494  495  496  497  498  499  500  501  502  503  504  505  506  507  508  509  510  511  512  513  514  515  516  517  518  519  520  521  522  523  524  525  526  527  528  529  530  531  532  533  534  535  536  537  538  539  540  541  542  543  544  545  546  547  548  549  550  551  552  553  554  555  556  557  558  559  560  561  601  602  603  604  605  606  607  608  609  610  611  612  613  614  615  616  617  618  619  620  621  622  623  624  625  626  627  628  629  630  631  632  633  634  635  636  637  638  639  640  641  642  643  644  645  646  647  648  649  650  651  652  653  654  655  656  657  658  659  660  661  662  663  664  665  666  667  668  669  670  671  672  712  713  714  715  716  717  718  719  720  721  722  723  724  725  726  727  728  729  730  731  732  733  734  735  736  737  738  739  740  741  742  743  744  745  746  747  748  749  750  751  752  753  754  755  756  757  758  759  760  761  762  763  764  765  766  767  768  769  770  771  772  773  774  775  776  777  778  779  780  781  782  783  823  824  825  826  827  828  829  830  831  832  833  834  835  836  837  838  839  840  841  842  843  844  845  846  847  848  849  850  851  852  853  854  855  856  857  858  859  860  861  862  863  864  865  866  867  868  869  870  871  872  873  874  875  876  877  878  879  880  881  882  883  884  885  886  887  888  889  890  891  892  893  894  934  935  936  937  938  939  940  941  942  943  944  945  946  947  948  949  950  951  952  953  954  955  956  957  958  959  960  961  962  963  964  965  966  967  968  969  970  971  972  973  974  975  976  977  978  979  980  981  982  983  984  985  986  987  988  989  990  991  992  993  994  995  996  997  998  999  1000  1001  1002  1003  1004  1005  1051  1052  1053  1054  1055  1056  1057  1058  1059  1060  1061  1062  1063  1064  1065  1066  1067  1068  1069  1070  1071  1072  1073  1074  1075  1076  1077  1078  1079  1080  1081  1082  1083  1084  1085  1086  1087  1088  1089  1090  1091  1092  1093  1094  1095  1096  1097  1098  1099  1100  1101  1102  1103  1104  1105  1106  1107  1108  1109  1110  1111  1112  1113  1114  1115  1116  1117  1118  1119  1120  1121  1122  1162  1163  1164  1165  1166  1167  1168  1169  1170  1171  1172  1173  1174  1175  1176  1177  1178  1179  1180  1181  1182  1183  1184  1185  1186  1187  1188  1189  1190  1191  1192  1193  1194  1195  1196  1197  1198  1199  1200  1201  1202  1203  1204  1205  1206  1207  1208  1209  1210  1211  1212  1213  1214  1215  1216  1217  1218  1219  1220  1221  1222  1223  1224  1225  1226  1227  1228  1229  1230  1231  1232  1233  1273  1274  1275  1276  1277  1278  1279  1280  1281  1282  1283  1284  1285  1286  1287  1288  1289  1290  1291  1292  1293  1294  1295  1296  1297  1298  1299  1300  1301  1302  1303  1304  1305  1306  1307  1308  1309  1310  1311  1312  1313  1314  1315  1316  1317  1318  1319  1320  1321  1322  1323  1324  1325  1326  1327  1328  1329  1330  1331  1332  1333  1334  1335  1336  1337  1338  1339  1340  1341  1342  1343  1344  1384  1385  1386  1387  1388  1389  1390  1391  1392  1393  1394  1395  1396  1397  1398  1399  1400  1401  1402  1403  1404  1405  1406  1407  1408  1409  1410  1411  1412  1413  1414  1415  1416  1417  1418  1419  1420  1421  1422  1423  1424  1425  1426  1427  1428  1429  1430  1431  1432  1433  1434  1435  1436  1437  1438  1439  1440  1441  1442  1443  1444  1445  1446  1447  1448  1449  1450  1451  1452  1453  1454  1455  1495  1496  1497  1498  1499  1500  1501  1502  1503  1504  1505  1506  1507  1508  1509  1510  1511  1512  1513  1514  1515  1516  1517  1518  1519  1520  1521  1522  1523  1524  1525  1526  1527  1528  1529  1530  1531  1532  1533  1534  1535  1536  1537  1538  1539  1540  1541  1542  1543  1544  1545  1546  1547  1548  1549  1550  1551  1552  1553  1554  1555  1556  1557  1558  1559  1560  1561  1562  1563  1564  1565  1566  1606  1607  1608  1609  1610  1611  1612  1613  1614  1615  1616  1617  1618  1619  1620  1621  1622  1623  1624  1625  1626  1627  1628  1629  1630  1631  1632  1633  1634  1635  1636  1637  1638  1639  1640  1641  1642  1643  1644  1645  1646  1647  1648  1649  1650  1651  1652  1653  1654  1655  1656  1657  1658  1659  1660  1661  1662  1663  1664  1665  1666  1667  1668  1669  1670  1671  1672  1673  1674  1675  1676  1677  1717  1718  1719  1720  1721  1722  1723  1724  1725  1726  1727  1728  1729  1730  1731  1732  1733  1734  1735  1736  1737  1738  1739  1740  1741  1742  1743  1744  1745  1746  1747  1748  1749  1750  1751  1752  1753  1754  1755  1756  1757  1758  1759  1760  1761  1762  1763  1764  1765  1766  1767  1768  1769  1770  1771  1772  1773  1774  1775  1776  1777  1778  1779  1780  1781  1782  1783  1784  1785  1786  1787  1788  1828  1829  1830  1831  1832  1833  1834  1835  1836  1837  1838  1839  1840  1841  1842  1843  1844  1845  1846  1847  1848  1849  1850  1851  1852  1853  1854  1855  1856  1857  1858  1859  1860  1861  1862  1863  1864  1865  1866  1867  1868  1869  1870  1871  1872  1873  1874  1875  1876  1877  1878  1879  1880  1881  1882  1883  1884  1885  1886  1887  1888  1889  1890  1891  1892  1893  1894  1895  1896  1897  1898  1899  1945  1946  1947  1948  1949  1950  1951  1952  1953  1954  1955  1956  1957  1958  1959  1960  1961  1962  1963  1964  1965  1966  1967  1968  1969  1970  1971  1972  1973  1974  1975  1976  1977  1978  1979  1980  1981  1982  1983  1984  1985  1986  1987  1988  1989  1990  1991  1992  1993  1994  1995  1996  1997  1998  1999  2000  2001  2002  2003  2004  2005  2006  2007  2008  2009  2010  2011  2012  2013  2014  2015  2016  2056  2057  2058  2059  2060  2061  2062  2063  2064  2065  2066  2067  2068  2069  2070  2071  2072  2073  2074  2075  2076  2077  2078  2079  2080  2081  2082  2083  2084  2085  2086  2087  2088  2089  2090  2091  2092  2093  2094  2095  2096  2097  2098  2099  2100  2101  2102  2103  2104  2105  2106  2107  2108  2109  2110  2111  2112  2113  2114  2115  2116  2117  2118  2119  2120  2121  2122  2123  2124  2125  2126  2127  2167  2168  2169  2170  2171  2172  2173  2174  2175  2176  2177  2178  2179  2180  2181  2182  2183  2184  2185  2186  2187  2188  2189  2190  2191  2192  2193  2194  2195  2196  2197  2198  2199  2200  2201  2202  2203  2204  2205  2206  2207  2208  2209  2210  2211  2212  2213  2214  2215  2216  2217  2218  2219  2220  2221  2222  2223  2224  2225  2226  2227  2228  2229  2230  2231  2232  2233  2234  2235  2236  2237  2238  2278  2279  2280  2281  2282  2283  2284  2285  2286  2287  2288  2289  2290  2291  2292  2293  2294  2295  2296  2297  2298  2299  2300  2301  2302  2303  2304  2305  2306  2307  2308  2309  2310  2311  2312  2313  2314  2315  2316  2317  2318  2319  2320  2321  2322  2323  2324  2325  2326  2327  2328  2329  2330  2331  2332  2333  2334  2335  2336  2337  2338  2339  2340  2341  2342  2343  2344  2345  2346  2347  2348  2349  2389  2390  2391  2392  2393  2394  2395  2396  2397  2398  2399  2400  2401  2402  2403  2404  2405  2406  2407  2408  2409  2410  2411  2412  2413  2414  2415  2416  2417  2418  2419  2420  2421  2422  2423  2424  2425  2426  2427  2428  2429  2430  2431  2432  2433  2434  2435  2436  2437  2438  2439  2440  2441  2442  2443  2444  2445  2446  2447  2448  2449  2450  2451  2452  2453  2454  2455  2456  2457  2458  2459  2460  2500  2501  2502  2503  2504  2505  2506  2507  2508  2509  2510  2511  2512  2513  2514  2515  2516  2517  2518  2519  2520  2521  2522  2523  2524  2525  2526  2527  2528  2529  2530  2531  2532  2533  2534  2535  2536  2537  2538  2539  2540  2541  2542  2543  2544  2545  2546  2547  2548  2549  2550  2551  2552  2553  2554  2555  2556  2557  2558  2559  2560  2561  2562  2563  2564  2565  2566  2567  2568  2569  2570  2571  2611  2612  2613  2614  2615  2616  2617  2618  2619  2620  2621  2622  2623  2624  2625  2626  2627  2628  2629  2630  2631  2632  2633  2634  2635  2636  2637  2638  2639  2640  2641  2642  2643  2644  2645  2646  2647  2648  2649  2650  2651  2652  2653  2654  2655  2656  2657  2658  2659  2660  2661  2662  2663  2664  2665  2666  2667  2668  2669  2670  2671  2672  2673  2674  2675  2676  2677  2678  2679  2680  2681  2682  2722  2723  2724  2725  2726  2727  2728  2729  2730  2731  2732  2733  2734  2735  2736  2737  2738  2739  2740  2741  2742  2743  2744  2745  2746  2747  2748  2749  2750  2751  2752  2753  2754  2755  2756  2757  2758  2759  2760  2761  2762  2763  2764  2765  2766  2767  2768  2769  2770  2771  2772  2773  2774  2775  2776  2777  2778  2779  2780  2781  2782  2783  2784  2785  2786  2787  2788  2789  2790  2791  2792  2793  2839  2840  2841  2842  2843  2844  2845  2846  2847  2848  2849  2850  2851  2852  2853  2854  2855  2856  2857  2858  2859  2860  2861  2862  2863  2864  2865  2866  2867  2868  2869  2870  2871  2872  2873  2874  2875  2876  2877  2878  2879  2880  2881  2882  2883  2884  2885  2886  2887  2888  2889  2890  2891  2892  2893  2894  2895  2896  2897  2898  2899  2900  2901  2902  2903  2904  2905  2906  2907  2908  2909  2910  2950  2951  2952  2953  2954  2955  2956  2957  2958  2959  2960  2961  2962  2963  2964  2965  2966  2967  2968  2969  2970  2971  2972  2973  2974  2975  2976  2977  2978  2979  2980  2981  2982  2983  2984  2985  2986  2987  2988  2989  2990  2991  2992  2993  2994  2995  2996  2997  2998  2999  3000  3001  3002  3003  3004  3005  3006  3007  3008  3009  3010  3011  3012  3013  3014  3015  3016  3017  3018  3019  3020  3021  3061  3062  3063  3064  3065  3066  3067  3068  3069  3070  3071  3072  3073  3074  3075  3076  3077  3078  3079  3080  3081  3082  3083  3084  3085  3086  3087  3088  3089  3090  3091  3092  3093  3094  3095  3096  3097  3098  3099  3100  3101  3102  3103  3104  3105  3106  3107  3108  3109  3110  3111  3112  3113  3114  3115  3116  3117  3118  3119  3120  3121  3122  3123  3124  3125  3126  3127  3128  3129  3130  3131  3132  3172  3173  3174  3175  3176  3177  3178  3179  3180  3181  3182  3183  3184  3185  3186  3187  3188  3189  3190  3191  3192  3193  3194  3195  3196  3197  3198  3199  3200  3201  3202  3203  3204  3205  3206  3207  3208  3209  3210  3211  3212  3213  3214  3215  3216  3217  3218  3219  3220  3221  3222  3223  3224  3225  3226  3227  3228  3229  3230  3231  3232  3233  3234  3235  3236  3237  3238  3239  3240  3241  3242  3243
Colliding bunches:

No offline lumi data found!

---------------------------------------------------------------------------------------------
Found Run/LB 283270/78 (15/10/26, 10:29:33 - 15/10/26, 10:30:33) Length 60.1 sec  -> stable
Bunch Group Length: 2029 Colliding BCIDs: 0
Bunch group:
 20  106  107  108  109  110  111  112  113  114  115  116  117  157  158  159  160  161  162  163  164  165  166  167  168  169  170  171  172  173  174  175  176  177  178  179  180  181  182  183  184  185  186  187  188  189  190  191  192  193  194  195  196  197  198  199  200  201  202  203  204  205  206  207  208  209  210  211  212  213  214  215  216  217  218  219  220  221  222  223  224  225  226  227  228  268  269  270  271  272  273  274  275  276  277  278  279  280  281  282  283  284  285  286  287  288  289  290  291  292  293  294  295  296  297  298  299  300  301  302  303  304  305  306  307  308  309  310  311  312  313  314  315  316  317  318  319  320  321  322  323  324  325  326  327  328  329  330  331  332  333  334  335  336  337  338  339  379  380  381  382  383  384  385  386  387  388  389  390  391  392  393  394  395  396  397  398  399  400  401  402  403  404  405  406  407  408  409  410  411  412  413  414  415  416  417  418  419  420  421  422  423  424  425  426  427  428  429  430  431  432  433  434  435  436  437  438  439  440  441  442  443  444  445  446  447  448  449  450  490  491  492  493  494  495  496  497  498  499  500  501  502  503  504  505  506  507  508  509  510  511  512  513  514  515  516  517  518  519  520  521  522  523  524  525  526  527  528  529  530  531  532  533  534  535  536  537  538  539  540  541  542  543  544  545  546  547  548  549  550  551  552  553  554  555  556  557  558  559  560  561  601  602  603  604  605  606  607  608  609  610  611  612  613  614  615  616  617  618  619  620  621  622  623  624  625  626  627  628  629  630  631  632  633  634  635  636  637  638  639  640  641  642  643  644  645  646  647  648  649  650  651  652  653  654  655  656  657  658  659  660  661  662  663  664  665  666  667  668  669  670  671  672  712  713  714  715  716  717  718  719  720  721  722  723  724  725  726  727  728  729  730  731  732  733  734  735  736  737  738  739  740  741  742  743  744  745  746  747  748  749  750  751  752  753  754  755  756  757  758  759  760  761  762  763  764  765  766  767  768  769  770  771  772  773  774  775  776  777  778  779  780  781  782  783  823  824  825  826  827  828  829  830  831  832  833  834  835  836  837  838  839  840  841  842  843  844  845  846  847  848  849  850  851  852  853  854  855  856  857  858  859  860  861  862  863  864  865  866  867  868  869  870  871  872  873  874  875  876  877  878  879  880  881  882  883  884  885  886  887  888  889  890  891  892  893  894  934  935  936  937  938  939  940  941  942  943  944  945  946  947  948  949  950  951  952  953  954  955  956  957  958  959  960  961  962  963  964  965  966  967  968  969  970  971  972  973  974  975  976  977  978  979  980  981  982  983  984  985  986  987  988  989  990  991  992  993  994  995  996  997  998  999  1000  1001  1002  1003  1004  1005  1051  1052  1053  1054  1055  1056  1057  1058  1059  1060  1061  1062  1063  1064  1065  1066  1067  1068  1069  1070  1071  1072  1073  1074  1075  1076  1077  1078  1079  1080  1081  1082  1083  1084  1085  1086  1087  1088  1089  1090  1091  1092  1093  1094  1095  1096  1097  1098  1099  1100  1101  1102  1103  1104  1105  1106  1107  1108  1109  1110  1111  1112  1113  1114  1115  1116  1117  1118  1119  1120  1121  1122  1162  1163  1164  1165  1166  1167  1168  1169  1170  1171  1172  1173  1174  1175  1176  1177  1178  1179  1180  1181  1182  1183  1184  1185  1186  1187  1188  1189  1190  1191  1192  1193  1194  1195  1196  1197  1198  1199  1200  1201  1202  1203  1204  1205  1206  1207  1208  1209  1210  1211  1212  1213  1214  1215  1216  1217  1218  1219  1220  1221  1222  1223  1224  1225  1226  1227  1228  1229  1230  1231  1232  1233  1273  1274  1275  1276  1277  1278  1279  1280  1281  1282  1283  1284  1285  1286  1287  1288  1289  1290  1291  1292  1293  1294  1295  1296  1297  1298  1299  1300  1301  1302  1303  1304  1305  1306  1307  1308  1309  1310  1311  1312  1313  1314  1315  1316  1317  1318  1319  1320  1321  1322  1323  1324  1325  1326  1327  1328  1329  1330  1331  1332  1333  1334  1335  1336  1337  1338  1339  1340  1341  1342  1343  1344  1384  1385  1386  1387  1388  1389  1390  1391  1392  1393  1394  1395  1396  1397  1398  1399  1400  1401  1402  1403  1404  1405  1406  1407  1408  1409  1410  1411  1412  1413  1414  1415  1416  1417  1418  1419  1420  1421  1422  1423  1424  1425  1426  1427  1428  1429  1430  1431  1432  1433  1434  1435  1436  1437  1438  1439  1440  1441  1442  1443  1444  1445  1446  1447  1448  1449  1450  1451  1452  1453  1454  1455  1495  1496  1497  1498  1499  1500  1501  1502  1503  1504  1505  1506  1507  1508  1509  1510  1511  1512  1513  1514  1515  1516  1517  1518  1519  1520  1521  1522  1523  1524  1525  1526  1527  1528  1529  1530  1531  1532  1533  1534  1535  1536  1537  1538  1539  1540  1541  1542  1543  1544  1545  1546  1547  1548  1549  1550  1551  1552  1553  1554  1555  1556  1557  1558  1559  1560  1561  1562  1563  1564  1565  1566  1606  1607  1608  1609  1610  1611  1612  1613  1614  1615  1616  1617  1618  1619  1620  1621  1622  1623  1624  1625  1626  1627  1628  1629  1630  1631  1632  1633  1634  1635  1636  1637  1638  1639  1640  1641  1642  1643  1644  1645  1646  1647  1648  1649  1650  1651  1652  1653  1654  1655  1656  1657  1658  1659  1660  1661  1662  1663  1664  1665  1666  1667  1668  1669  1670  1671  1672  1673  1674  1675  1676  1677  1717  1718  1719  1720  1721  1722  1723  1724  1725  1726  1727  1728  1729  1730  1731  1732  1733  1734  1735  1736  1737  1738  1739  1740  1741  1742  1743  1744  1745  1746  1747  1748  1749  1750  1751  1752  1753  1754  1755  1756  1757  1758  1759  1760  1761  1762  1763  1764  1765  1766  1767  1768  1769  1770  1771  1772  1773  1774  1775  1776  1777  1778  1779  1780  1781  1782  1783  1784  1785  1786  1787  1788  1828  1829  1830  1831  1832  1833  1834  1835  1836  1837  1838  1839  1840  1841  1842  1843  1844  1845  1846  1847  1848  1849  1850  1851  1852  1853  1854  1855  1856  1857  1858  1859  1860  1861  1862  1863  1864  1865  1866  1867  1868  1869  1870  1871  1872  1873  1874  1875  1876  1877  1878  1879  1880  1881  1882  1883  1884  1885  1886  1887  1888  1889  1890  1891  1892  1893  1894  1895  1896  1897  1898  1899  1945  1946  1947  1948  1949  1950  1951  1952  1953  1954  1955  1956  1957  1958  1959  1960  1961  1962  1963  1964  1965  1966  1967  1968  1969  1970  1971  1972  1973  1974  1975  1976  1977  1978  1979  1980  1981  1982  1983  1984  1985  1986  1987  1988  1989  1990  1991  1992  1993  1994  1995  1996  1997  1998  1999  2000  2001  2002  2003  2004  2005  2006  2007  2008  2009  2010  2011  2012  2013  2014  2015  2016  2056  2057  2058  2059  2060  2061  2062  2063  2064  2065  2066  2067  2068  2069  2070  2071  2072  2073  2074  2075  2076  2077  2078  2079  2080  2081  2082  2083  2084  2085  2086  2087  2088  2089  2090  2091  2092  2093  2094  2095  2096  2097  2098  2099  2100  2101  2102  2103  2104  2105  2106  2107  2108  2109  2110  2111  2112  2113  2114  2115  2116  2117  2118  2119  2120  2121  2122  2123  2124  2125  2126  2127  2167  2168  2169  2170  2171  2172  2173  2174  2175  2176  2177  2178  2179  2180  2181  2182  2183  2184  2185  2186  2187  2188  2189  2190  2191  2192  2193  2194  2195  2196  2197  2198  2199  2200  2201  2202  2203  2204  2205  2206  2207  2208  2209  2210  2211  2212  2213  2214  2215  2216  2217  2218  2219  2220  2221  2222  2223  2224  2225  2226  2227  2228  2229  2230  2231  2232  2233  2234  2235  2236  2237  2238  2278  2279  2280  2281  2282  2283  2284  2285  2286  2287  2288  2289  2290  2291  2292  2293  2294  2295  2296  2297  2298  2299  2300  2301  2302  2303  2304  2305  2306  2307  2308  2309  2310  2311  2312  2313  2314  2315  2316  2317  2318  2319  2320  2321  2322  2323  2324  2325  2326  2327  2328  2329  2330  2331  2332  2333  2334  2335  2336  2337  2338  2339  2340  2341  2342  2343  2344  2345  2346  2347  2348  2349  2389  2390  2391  2392  2393  2394  2395  2396  2397  2398  2399  2400  2401  2402  2403  2404  2405  2406  2407  2408  2409  2410  2411  2412  2413  2414  2415  2416  2417  2418  2419  2420  2421  2422  2423  2424  2425  2426  2427  2428  2429  2430  2431  2432  2433  2434  2435  2436  2437  2438  2439  2440  2441  2442  2443  2444  2445  2446  2447  2448  2449  2450  2451  2452  2453  2454  2455  2456  2457  2458  2459  2460  2500  2501  2502  2503  2504  2505  2506  2507  2508  2509  2510  2511  2512  2513  2514  2515  2516  2517  2518  2519  2520  2521  2522  2523  2524  2525  2526  2527  2528  2529  2530  2531  2532  2533  2534  2535  2536  2537  2538  2539  2540  2541  2542  2543  2544  2545  2546  2547  2548  2549  2550  2551  2552  2553  2554  2555  2556  2557  2558  2559  2560  2561  2562  2563  2564  2565  2566  2567  2568  2569  2570  2571  2611  2612  2613  2614  2615  2616  2617  2618  2619  2620  2621  2622  2623  2624  2625  2626  2627  2628  2629  2630  2631  2632  2633  2634  2635  2636  2637  2638  2639  2640  2641  2642  2643  2644  2645  2646  2647  2648  2649  2650  2651  2652  2653  2654  2655  2656  2657  2658  2659  2660  2661  2662  2663  2664  2665  2666  2667  2668  2669  2670  2671  2672  2673  2674  2675  2676  2677  2678  2679  2680  2681  2682  2722  2723  2724  2725  2726  2727  2728  2729  2730  2731  2732  2733  2734  2735  2736  2737  2738  2739  2740  2741  2742  2743  2744  2745  2746  2747  2748  2749  2750  2751  2752  2753  2754  2755  2756  2757  2758  2759  2760  2761  2762  2763  2764  2765  2766  2767  2768  2769  2770  2771  2772  2773  2774  2775  2776  2777  2778  2779  2780  2781  2782  2783  2784  2785  2786  2787  2788  2789  2790  2791  2792  2793  2839  2840  2841  2842  2843  2844  2845  2846  2847  2848  2849  2850  2851  2852  2853  2854  2855  2856  2857  2858  2859  2860  2861  2862  2863  2864  2865  2866  2867  2868  2869  2870  2871  2872  2873  2874  2875  2876  2877  2878  2879  2880  2881  2882  2883  2884  2885  2886  2887  2888  2889  2890  2891  2892  2893  2894  2895  2896  2897  2898  2899  2900  2901  2902  2903  2904  2905  2906  2907  2908  2909  2910  2950  2951  2952  2953  2954  2955  2956  2957  2958  2959  2960  2961  2962  2963  2964  2965  2966  2967  2968  2969  2970  2971  2972  2973  2974  2975  2976  2977  2978  2979  2980  2981  2982  2983  2984  2985  2986  2987  2988  2989  2990  2991  2992  2993  2994  2995  2996  2997  2998  2999  3000  3001  3002  3003  3004  3005  3006  3007  3008  3009  3010  3011  3012  3013  3014  3015  3016  3017  3018  3019  3020  3021  3061  3062  3063  3064  3065  3066  3067  3068  3069  3070  3071  3072  3073  3074  3075  3076  3077  3078  3079  3080  3081  3082  3083  3084  3085  3086  3087  3088  3089  3090  3091  3092  3093  3094  3095  3096  3097  3098  3099  3100  3101  3102  3103  3104  3105  3106  3107  3108  3109  3110  3111  3112  3113  3114  3115  3116  3117  3118  3119  3120  3121  3122  3123  3124  3125  3126  3127  3128  3129  3130  3131  3132  3172  3173  3174  3175  3176  3177  3178  3179  3180  3181  3182  3183  3184  3185  3186  3187  3188  3189  3190  3191  3192  3193  3194  3195  3196  3197  3198  3199  3200  3201  3202  3203  3204  3205  3206  3207  3208  3209  3210  3211  3212  3213  3214  3215  3216  3217  3218  3219  3220  3221  3222  3223  3224  3225  3226  3227  3228  3229  3230  3231  3232  3233  3234  3235  3236  3237  3238  3239  3240  3241  3242  3243
Colliding bunches:

No offline lumi data found!

---------------------------------------------------------------------------------------------
Found Run/LB 283270/79 (15/10/26, 10:30:33 - 15/10/26, 10:31:33) Length 60.3 sec  -> stable
Bunch Group Length: 2029 Colliding BCIDs: 0
Bunch group:
 20  106  107  108  109  110  111  112  113  114  115  116  117  157  158  159  160  161  162  163  164  165  166  167  168  169  170  171  172  173  174  175  176  177  178  179  180  181  182  183  184  185  186  187  188  189  190  191  192  193  194  195  196  197  198  199  200  201  202  203  204  205  206  207  208  209  210  211  212  213  214  215  216  217  218  219  220  221  222  223  224  225  226  227  228  268  269  270  271  272  273  274  275  276  277  278  279  280  281  282  283  284  285  286  287  288  289  290  291  292  293  294  295  296  297  298  299  300  301  302  303  304  305  306  307  308  309  310  311  312  313  314  315  316  317  318  319  320  321  322  323  324  325  326  327  328  329  330  331  332  333  334  335  336  337  338  339  379  380  381  382  383  384  385  386  387  388  389  390  391  392  393  394  395  396  397  398  399  400  401  402  403  404  405  406  407  408  409  410  411  412  413  414  415  416  417  418  419  420  421  422  423  424  425  426  427  428  429  430  431  432  433  434  435  436  437  438  439  440  441  442  443  444  445  446  447  448  449  450  490  491  492  493  494  495  496  497  498  499  500  501  502  503  504  505  506  507  508  509  510  511  512  513  514  515  516  517  518  519  520  521  522  523  524  525  526  527  528  529  530  531  532  533  534  535  536  537  538  539  540  541  542  543  544  545  546  547  548  549  550  551  552  553  554  555  556  557  558  559  560  561  601  602  603  604  605  606  607  608  609  610  611  612  613  614  615  616  617  618  619  620  621  622  623  624  625  626  627  628  629  630  631  632  633  634  635  636  637  638  639  640  641  642  643  644  645  646  647  648  649  650  651  652  653  654  655  656  657  658  659  660  661  662  663  664  665  666  667  668  669  670  671  672  712  713  714  715  716  717  718  719  720  721  722  723  724  725  726  727  728  729  730  731  732  733  734  735  736  737  738  739  740  741  742  743  744  745  746  747  748  749  750  751  752  753  754  755  756  757  758  759  760  761  762  763  764  765  766  767  768  769  770  771  772  773  774  775  776  777  778  779  780  781  782  783  823  824  825  826  827  828  829  830  831  832  833  834  835  836  837  838  839  840  841  842  843  844  845  846  847  848  849  850  851  852  853  854  855  856  857  858  859  860  861  862  863  864  865  866  867  868  869  870  871  872  873  874  875  876  877  878  879  880  881  882  883  884  885  886  887  888  889  890  891  892  893  894  934  935  936  937  938  939  940  941  942  943  944  945  946  947  948  949  950  951  952  953  954  955  956  957  958  959  960  961  962  963  964  965  966  967  968  969  970  971  972  973  974  975  976  977  978  979  980  981  982  983  984  985  986  987  988  989  990  991  992  993  994  995  996  997  998  999  1000  1001  1002  1003  1004  1005  1051  1052  1053  1054  1055  1056  1057  1058  1059  1060  1061  1062  1063  1064  1065  1066  1067  1068  1069  1070  1071  1072  1073  1074  1075  1076  1077  1078  1079  1080  1081  1082  1083  1084  1085  1086  1087  1088  1089  1090  1091  1092  1093  1094  1095  1096  1097  1098  1099  1100  1101  1102  1103  1104  1105  1106  1107  1108  1109  1110  1111  1112  1113  1114  1115  1116  1117  1118  1119  1120  1121  1122  1162  1163  1164  1165  1166  1167  1168  1169  1170  1171  1172  1173  1174  1175  1176  1177  1178  1179  1180  1181  1182  1183  1184  1185  1186  1187  1188  1189  1190  1191  1192  1193  1194  1195  1196  1197  1198  1199  1200  1201  1202  1203  1204  1205  1206  1207  1208  1209  1210  1211  1212  1213  1214  1215  1216  1217  1218  1219  1220  1221  1222  1223  1224  1225  1226  1227  1228  1229  1230  1231  1232  1233  1273  1274  1275  1276  1277  1278  1279  1280  1281  1282  1283  1284  1285  1286  1287  1288  1289  1290  1291  1292  1293  1294  1295  1296  1297  1298  1299  1300  1301  1302  1303  1304  1305  1306  1307  1308  1309  1310  1311  1312  1313  1314  1315  1316  1317  1318  1319  1320  1321  1322  1323  1324  1325  1326  1327  1328  1329  1330  1331  1332  1333  1334  1335  1336  1337  1338  1339  1340  1341  1342  1343  1344  1384  1385  1386  1387  1388  1389  1390  1391  1392  1393  1394  1395  1396  1397  1398  1399  1400  1401  1402  1403  1404  1405  1406  1407  1408  1409  1410  1411  1412  1413  1414  1415  1416  1417  1418  1419  1420  1421  1422  1423  1424  1425  1426  1427  1428  1429  1430  1431  1432  1433  1434  1435  1436  1437  1438  1439  1440  1441  1442  1443  1444  1445  1446  1447  1448  1449  1450  1451  1452  1453  1454  1455  1495  1496  1497  1498  1499  1500  1501  1502  1503  1504  1505  1506  1507  1508  1509  1510  1511  1512  1513  1514  1515  1516  1517  1518  1519  1520  1521  1522  1523  1524  1525  1526  1527  1528  1529  1530  1531  1532  1533  1534  1535  1536  1537  1538  1539  1540  1541  1542  1543  1544  1545  1546  1547  1548  1549  1550  1551  1552  1553  1554  1555  1556  1557  1558  1559  1560  1561  1562  1563  1564  1565  1566  1606  1607  1608  1609  1610  1611  1612  1613  1614  1615  1616  1617  1618  1619  1620  1621  1622  1623  1624  1625  1626  1627  1628  1629  1630  1631  1632  1633  1634  1635  1636  1637  1638  1639  1640  1641  1642  1643  1644  1645  1646  1647  1648  1649  1650  1651  1652  1653  1654  1655  1656  1657  1658  1659  1660  1661  1662  1663  1664  1665  1666  1667  1668  1669  1670  1671  1672  1673  1674  1675  1676  1677  1717  1718  1719  1720  1721  1722  1723  1724  1725  1726  1727  1728  1729  1730  1731  1732  1733  1734  1735  1736  1737  1738  1739  1740  1741  1742  1743  1744  1745  1746  1747  1748  1749  1750  1751  1752  1753  1754  1755  1756  1757  1758  1759  1760  1761  1762  1763  1764  1765  1766  1767  1768  1769  1770  1771  1772  1773  1774  1775  1776  1777  1778  1779  1780  1781  1782  1783  1784  1785  1786  1787  1788  1828  1829  1830  1831  1832  1833  1834  1835  1836  1837  1838  1839  1840  1841  1842  1843  1844  1845  1846  1847  1848  1849  1850  1851  1852  1853  1854  1855  1856  1857  1858  1859  1860  1861  1862  1863  1864  1865  1866  1867  1868  1869  1870  1871  1872  1873  1874  1875  1876  1877  1878  1879  1880  1881  1882  1883  1884  1885  1886  1887  1888  1889  1890  1891  1892  1893  1894  1895  1896  1897  1898  1899  1945  1946  1947  1948  1949  1950  1951  1952  1953  1954  1955  1956  1957  1958  1959  1960  1961  1962  1963  1964  1965  1966  1967  1968  1969  1970  1971  1972  1973  1974  1975  1976  1977  1978  1979  1980  1981  1982  1983  1984  1985  1986  1987  1988  1989  1990  1991  1992  1993  1994  1995  1996  1997  1998  1999  2000  2001  2002  2003  2004  2005  2006  2007  2008  2009  2010  2011  2012  2013  2014  2015  2016  2056  2057  2058  2059  2060  2061  2062  2063  2064  2065  2066  2067  2068  2069  2070  2071  2072  2073  2074  2075  2076  2077  2078  2079  2080  2081  2082  2083  2084  2085  2086  2087  2088  2089  2090  2091  2092  2093  2094  2095  2096  2097  2098  2099  2100  2101  2102  2103  2104  2105  2106  2107  2108  2109  2110  2111  2112  2113  2114  2115  2116  2117  2118  2119  2120  2121  2122  2123  2124  2125  2126  2127  2167  2168  2169  2170  2171  2172  2173  2174  2175  2176  2177  2178  2179  2180  2181  2182  2183  2184  2185  2186  2187  2188  2189  2190  2191  2192  2193  2194  2195  2196  2197  2198  2199  2200  2201  2202  2203  2204  2205  2206  2207  2208  2209  2210  2211  2212  2213  2214  2215  2216  2217  2218  2219  2220  2221  2222  2223  2224  2225  2226  2227  2228  2229  2230  2231  2232  2233  2234  2235  2236  2237  2238  2278  2279  2280  2281  2282  2283  2284  2285  2286  2287  2288  2289  2290  2291  2292  2293  2294  2295  2296  2297  2298  2299  2300  2301  2302  2303  2304  2305  2306  2307  2308  2309  2310  2311  2312  2313  2314  2315  2316  2317  2318  2319  2320  2321  2322  2323  2324  2325  2326  2327  2328  2329  2330  2331  2332  2333  2334  2335  2336  2337  2338  2339  2340  2341  2342  2343  2344  2345  2346  2347  2348  2349  2389  2390  2391  2392  2393  2394  2395  2396  2397  2398  2399  2400  2401  2402  2403  2404  2405  2406  2407  2408  2409  2410  2411  2412  2413  2414  2415  2416  2417  2418  2419  2420  2421  2422  2423  2424  2425  2426  2427  2428  2429  2430  2431  2432  2433  2434  2435  2436  2437  2438  2439  2440  2441  2442  2443  2444  2445  2446  2447  2448  2449  2450  2451  2452  2453  2454  2455  2456  2457  2458  2459  2460  2500  2501  2502  2503  2504  2505  2506  2507  2508  2509  2510  2511  2512  2513  2514  2515  2516  2517  2518  2519  2520  2521  2522  2523  2524  2525  2526  2527  2528  2529  2530  2531  2532  2533  2534  2535  2536  2537  2538  2539  2540  2541  2542  2543  2544  2545  2546  2547  2548  2549  2550  2551  2552  2553  2554  2555  2556  2557  2558  2559  2560  2561  2562  2563  2564  2565  2566  2567  2568  2569  2570  2571  2611  2612  2613  2614  2615  2616  2617  2618  2619  2620  2621  2622  2623  2624  2625  2626  2627  2628  2629  2630  2631  2632  2633  2634  2635  2636  2637  2638  2639  2640  2641  2642  2643  2644  2645  2646  2647  2648  2649  2650  2651  2652  2653  2654  2655  2656  2657  2658  2659  2660  2661  2662  2663  2664  2665  2666  2667  2668  2669  2670  2671  2672  2673  2674  2675  2676  2677  2678  2679  2680  2681  2682  2722  2723  2724  2725  2726  2727  2728  2729  2730  2731  2732  2733  2734  2735  2736  2737  2738  2739  2740  2741  2742  2743  2744  2745  2746  2747  2748  2749  2750  2751  2752  2753  2754  2755  2756  2757  2758  2759  2760  2761  2762  2763  2764  2765  2766  2767  2768  2769  2770  2771  2772  2773  2774  2775  2776  2777  2778  2779  2780  2781  2782  2783  2784  2785  2786  2787  2788  2789  2790  2791  2792  2793  2839  2840  2841  2842  2843  2844  2845  2846  2847  2848  2849  2850  2851  2852  2853  2854  2855  2856  2857  2858  2859  2860  2861  2862  2863  2864  2865  2866  2867  2868  2869  2870  2871  2872  2873  2874  2875  2876  2877  2878  2879  2880  2881  2882  2883  2884  2885  2886  2887  2888  2889  2890  2891  2892  2893  2894  2895  2896  2897  2898  2899  2900  2901  2902  2903  2904  2905  2906  2907  2908  2909  2910  2950  2951  2952  2953  2954  2955  2956  2957  2958  2959  2960  2961  2962  2963  2964  2965  2966  2967  2968  2969  2970  2971  2972  2973  2974  2975  2976  2977  2978  2979  2980  2981  2982  2983  2984  2985  2986  2987  2988  2989  2990  2991  2992  2993  2994  2995  2996  2997  2998  2999  3000  3001  3002  3003  3004  3005  3006  3007  3008  3009  3010  3011  3012  3013  3014  3015  3016  3017  3018  3019  3020  3021  3061  3062  3063  3064  3065  3066  3067  3068  3069  3070  3071  3072  3073  3074  3075  3076  3077  3078  3079  3080  3081  3082  3083  3084  3085  3086  3087  3088  3089  3090  3091  3092  3093  3094  3095  3096  3097  3098  3099  3100  3101  3102  3103  3104  3105  3106  3107  3108  3109  3110  3111  3112  3113  3114  3115  3116  3117  3118  3119  3120  3121  3122  3123  3124  3125  3126  3127  3128  3129  3130  3131  3132  3172  3173  3174  3175  3176  3177  3178  3179  3180  3181  3182  3183  3184  3185  3186  3187  3188  3189  3190  3191  3192  3193  3194  3195  3196  3197  3198  3199  3200  3201  3202  3203  3204  3205  3206  3207  3208  3209  3210  3211  3212  3213  3214  3215  3216  3217  3218  3219  3220  3221  3222  3223  3224  3225  3226  3227  3228  3229  3230  3231  3232  3233  3234  3235  3236  3237  3238  3239  3240  3241  3242  3243
Colliding bunches:

No offline lumi data found!

---------------------------------------------------------------------------------------------
Found Run/LB 283270/80 (15/10/26, 10:31:33 - 15/10/26, 10:31:43) Length 10.0 sec
Bunch Group Length: 2029 Colliding BCIDs: 0
No offline lumi data found!

---------------------------------------------------------------------------------------------
Found Run/LB 283270/81 (15/10/26, 10:31:43 - 15/10/26, 10:32:43) Length 60.0 sec
Bunch Group Length: 2029 Colliding BCIDs: 0
No offline lumi data found!

---------------------------------------------------------------------------------------------
Found Run/LB 283270/82 (15/10/26, 10:32:43 - 15/10/26, 10:33:43) Length 60.3 sec
Bunch Group Length: 2029 Colliding BCIDs: 0
No offline lumi data found!

---------------------------------------------------------------------------------------------
Found Run/LB 283270/83 (15/10/26, 10:33:43 - 15/10/26, 10:34:43) Length 60.1 sec
Bunch Group Length: 2029 Colliding BCIDs: 0
No offline lumi data found!

---------------------------------------------------------------------------------------------
Found Run/LB 283270/84 (15/10/26, 10:34:43 - 15/10/26, 10:35:44) Length 60.1 sec
Bunch Group Length: 2029 Colliding BCIDs: 0
No offline lumi data found!

---------------------------------------------------------------------------------------------
Found Run/LB 283270/85 (15/10/26, 10:35:44 - 15/10/26, 10:36:44) Length 60.3 sec
Bunch Group Length: 2029 Colliding BCIDs: 0
No offline lumi data found!

---------------------------------------------------------------------------------------------
Found Run/LB 283270/86 (15/10/26, 10:36:44 - 15/10/26, 10:37:44) Length 60.1 sec
Bunch Group Length: 2029 Colliding BCIDs: 0
No offline lumi data found!

---------------------------------------------------------------------------------------------
Found Run/LB 283270/87 (15/10/26, 10:37:44 - 15/10/26, 10:38:44) Length 60.1 sec
Bunch Group Length: 2029 Colliding BCIDs: 0
No offline lumi data found!

---------------------------------------------------------------------------------------------
Found Run/LB 283270/88 (15/10/26, 10:38:44 - 15/10/26, 10:39:44) Length 60.1 sec
Bunch Group Length: 2029 Colliding BCIDs: 0
No offline lumi data found!

---------------------------------------------------------------------------------------------
Found Run/LB 283270/89 (15/10/26, 10:39:44 - 15/10/26, 10:40:44) Length 60.1 sec
Bunch Group Length: 2029 Colliding BCIDs: 0
No offline lumi data found!

---------------------------------------------------------------------------------------------
Found Run/LB 283270/90 (15/10/26, 10:40:44 - 15/10/26, 10:41:50) Length 65.4 sec
Bunch Group Length: 2029 Colliding BCIDs: 0
No offline lumi data found!
