276073
276147
276161
276176
276181
276183
276189
276212
276245
276262
276329
276330
276336
276416
276511
276689
276731
276778
276790
276952
276954
277025
278727
278729
278731
278734
278748
278880
278912
278968
278970
279169
279259
279279
279284
279345
279515
279598
279685
279764
279813
279867
279928
279932
279984
280231
280273
280319
280368
280422
280423
280464
280500
280520
280614
280673
280753
280853
280862
280950
280977
281070
281074
281075
281130
281143
281317
281327
281381
281385
281411
282625
282631
282712
282784
282992
283074
283155
283270
283429
283608
283780
284006
284154
284213
284285
284420
284427
284473
284484
